# ==========================================================================
#  THE GROUND UNDER ROSSVILLE - USGS NED 10m native, via opentopodata.org
#
#  71 x 81 samples every 30m, in metres above sea level,
#  on the same origin as everything else: Chicago St x Attica St at 750,1335.
#
#  Range 200.8m to 225.3m - 659ft to 739ft - so the
#  whole map has 24.5m of relief across 2100x2400 metres. That is the
#  glacial till plain: it is not flat, but it is close, and anything that
#  looks like a hill here is wrong.
#
#  RESAMPLED 2026-08-01 at 30m (was 60m) - the source (NED, 10m native) is much
#  finer than either sampling; 30m was chosen as enough to resolve real
#  swales and the river valley edge without needing an unreasonable number of
#  API calls for terrain this gentle.
#
#  Row-major from y=0 (north) down. One row per line, metres, space separated.
# ==========================================================================
grid 71 81 30
205.9 206.3 206.0 206.2 206.3 206.4 206.5 206.6 206.9 207.3 207.3 207.6 208.2 208.2 208.4 209.0 209.9 211.0 211.9 212.1 212.8 211.6 211.4 211.5 211.7 211.9 212.3 212.8 213.4 214.0 214.7 215.5 215.9 216.2 216.6 217.2 217.8 218.2 218.5 218.6 218.9 219.6 220.3 221.0 221.5 221.7 221.6 221.5 221.4 221.7 221.8 222.0 222.4 222.7 223.3 224.1 224.8 224.9 224.5 223.6 222.7 221.9 221.0 220.8 220.5 220.9 221.6 222.8 223.6 223.4 224.3
205.9 205.9 206.0 206.3 206.5 206.5 206.6 206.6 206.7 207.8 207.6 207.9 207.9 207.9 208.2 208.7 209.5 210.3 211.2 211.8 212.7 212.2 212.0 211.8 212.0 212.1 212.5 212.9 213.5 214.0 214.5 215.0 215.4 215.8 216.3 216.8 217.4 217.9 218.5 219.0 219.5 220.1 220.8 221.6 222.0 221.8 221.1 221.0 221.0 221.1 221.3 221.5 222.4 222.8 223.0 223.7 224.5 225.0 225.3 224.1 222.9 221.9 220.9 220.4 220.2 220.4 221.0 222.1 222.5 223.0 223.8
205.7 205.8 205.9 206.3 206.5 206.6 206.5 206.8 207.0 207.4 208.2 208.0 207.8 207.8 208.0 208.5 209.2 209.8 210.6 211.1 212.4 212.8 212.6 212.4 212.4 212.4 212.5 212.9 213.3 213.7 214.2 214.5 215.0 215.5 216.1 216.5 217.0 217.5 218.1 218.7 219.3 220.1 221.0 221.7 221.9 221.4 220.7 220.6 220.5 220.7 220.9 221.2 221.9 221.9 222.9 223.9 224.4 224.5 224.9 223.8 222.3 221.3 220.4 220.0 219.9 220.1 220.7 221.3 221.9 222.6 223.0
205.6 205.7 205.8 206.0 206.3 206.4 206.4 206.6 206.8 207.3 207.7 207.8 207.7 207.7 207.9 208.4 208.9 209.4 209.9 210.8 212.0 213.1 213.0 213.0 213.1 213.0 213.2 213.2 213.5 213.8 214.3 214.8 215.4 216.1 216.8 217.2 217.6 217.9 218.0 218.4 219.0 219.9 221.0 221.6 221.4 221.0 220.4 220.3 220.2 220.2 220.6 220.7 221.2 221.6 222.8 224.2 224.0 223.6 223.7 223.2 221.9 220.8 220.1 219.6 219.4 219.9 220.4 220.9 221.4 221.9 222.3
205.9 206.0 205.9 205.8 206.1 206.3 206.3 206.4 206.6 207.0 207.8 207.6 207.7 207.7 207.9 208.3 208.8 209.3 210.1 211.1 212.4 212.9 213.6 213.7 213.8 213.9 214.2 214.3 214.5 214.8 215.1 215.6 216.2 216.7 217.2 217.4 217.7 217.9 217.6 217.9 218.6 219.5 220.3 221.0 220.9 220.6 220.3 220.1 219.7 220.0 220.3 220.4 220.8 221.4 222.4 223.7 223.3 222.5 222.5 222.3 221.4 220.6 220.0 219.5 219.0 219.5 219.9 220.2 220.6 221.1 221.4
205.5 205.6 205.7 205.8 206.1 206.3 206.3 206.4 206.4 206.8 207.4 207.7 207.8 208.0 207.9 208.3 208.7 209.4 210.2 211.3 212.8 213.1 214.9 214.5 214.4 214.3 214.4 214.6 215.1 215.7 216.0 216.0 216.0 216.4 216.6 216.7 216.8 217.1 216.9 217.4 218.4 219.1 219.4 220.1 220.4 220.3 220.0 219.7 219.1 219.8 219.8 220.1 220.5 221.3 222.2 222.9 222.3 221.4 221.5 221.0 220.5 220.1 219.9 219.5 218.5 218.9 219.4 219.6 219.9 220.5 220.8
205.5 205.5 205.6 205.8 206.1 206.2 206.2 206.2 206.4 206.5 206.8 207.6 207.6 207.9 208.0 208.2 208.6 209.4 210.1 211.3 212.9 213.0 216.5 214.7 214.0 213.8 213.7 214.1 214.6 215.2 215.4 215.2 215.2 215.6 215.7 215.7 215.8 215.9 216.3 217.3 218.1 218.3 218.4 219.3 220.2 220.4 219.8 219.2 218.6 219.1 219.7 220.1 220.7 221.3 222.0 222.1 221.4 220.8 220.5 220.1 219.7 219.4 219.4 219.4 218.6 218.7 219.1 219.2 219.4 219.9 220.5
205.4 205.4 205.5 205.6 206.0 206.1 206.1 206.2 206.3 206.5 206.7 207.7 207.7 207.8 207.9 208.1 208.4 209.0 209.8 210.9 212.1 213.9 215.3 213.8 213.1 213.1 213.1 213.7 214.2 214.4 214.3 214.3 214.3 214.7 214.8 214.7 214.9 215.1 215.9 216.7 217.4 217.4 217.8 218.8 219.9 220.3 219.6 219.4 218.3 219.6 219.5 220.0 220.5 220.8 221.3 221.2 220.6 220.2 219.7 219.4 219.0 218.7 218.5 218.5 218.3 218.3 218.7 218.9 219.0 219.4 220.3
205.3 205.4 205.4 205.6 205.9 205.9 206.0 206.2 206.3 206.4 206.5 207.1 207.7 207.8 208.1 208.0 208.2 208.7 209.4 210.2 211.2 212.9 212.8 212.6 212.3 212.3 212.8 213.4 213.7 213.6 213.4 213.4 213.8 214.0 214.1 213.9 214.2 214.7 215.4 216.0 216.8 216.9 217.7 219.0 219.9 219.9 219.1 218.9 217.9 218.8 218.7 219.1 219.7 220.0 220.5 220.5 220.0 219.6 219.2 218.8 218.4 218.2 218.0 217.9 217.9 217.8 218.3 218.4 219.1 220.0 220.7
205.2 205.3 205.3 205.4 205.6 205.7 205.9 206.1 206.1 206.2 206.2 206.6 207.6 207.7 207.9 208.0 208.1 208.4 209.1 209.6 210.4 211.2 213.1 211.7 211.6 212.2 212.8 213.3 213.2 213.0 212.7 212.8 213.2 213.3 213.2 213.5 213.8 214.4 215.0 215.5 216.6 216.8 217.8 219.0 219.9 219.9 218.7 218.3 217.6 218.2 218.0 218.3 219.0 219.3 219.9 220.0 219.5 219.0 218.7 218.3 218.0 217.8 217.5 217.4 217.6 217.6 217.8 218.3 219.0 220.3 220.9
205.1 205.3 205.2 205.3 205.5 205.8 205.9 206.1 206.1 206.1 206.1 206.4 207.4 207.8 207.7 207.9 208.1 208.3 208.7 209.2 209.9 210.5 211.2 211.3 211.4 212.0 212.9 213.0 212.6 212.3 212.1 212.2 212.4 212.6 212.9 213.3 213.8 214.4 215.0 215.9 216.7 217.5 218.5 219.2 219.9 220.4 219.0 218.4 217.8 217.7 217.6 218.0 218.5 218.7 219.4 219.6 219.2 218.6 218.3 217.9 217.7 217.5 217.2 217.1 217.3 217.4 217.7 218.1 218.8 219.9 220.5
205.1 205.2 205.1 205.3 205.5 205.8 206.1 206.2 206.1 206.0 206.0 206.2 206.7 207.4 207.5 207.9 208.1 208.3 208.6 209.3 209.5 209.9 210.3 211.6 210.9 211.6 212.3 212.4 211.9 211.6 211.5 211.6 212.0 212.6 213.2 213.9 214.5 215.0 215.7 216.7 217.7 218.3 219.1 219.8 220.1 220.4 219.0 218.3 217.6 217.3 217.2 217.5 217.9 218.2 218.8 219.2 218.9 218.3 217.9 217.5 217.3 217.2 216.9 216.9 217.1 217.3 217.5 217.8 218.4 219.5 219.9
205.0 205.1 205.1 205.2 205.4 205.7 206.0 206.1 206.1 206.0 206.0 206.0 206.3 207.5 207.4 207.9 208.3 208.6 208.7 209.2 209.2 209.5 209.7 213.0 210.6 211.0 211.6 211.7 211.3 211.1 211.4 211.8 212.4 213.0 213.8 214.7 215.5 216.1 216.6 217.3 218.1 218.7 219.3 220.1 220.2 220.1 218.7 217.9 217.3 216.7 216.9 217.0 217.3 217.6 218.1 218.6 218.3 218.0 217.6 217.1 216.8 216.7 216.6 216.8 216.8 217.1 217.2 217.8 218.5 219.0 219.2
205.0 205.1 205.0 205.1 205.3 205.5 205.8 206.0 206.0 206.0 206.0 206.0 206.1 207.0 207.4 207.8 208.2 208.7 208.5 208.7 209.0 209.1 209.4 210.0 210.6 210.4 210.9 211.1 210.7 211.0 211.3 211.8 212.4 213.1 213.9 214.8 215.5 215.9 216.4 217.0 217.8 218.2 218.7 219.7 220.4 220.0 218.4 217.6 217.1 216.7 216.6 216.6 216.8 217.0 217.4 217.7 217.6 217.4 217.4 216.7 216.4 216.4 216.5 216.7 216.7 216.9 217.0 217.6 218.0 218.3 218.9
205.5 205.2 205.0 205.2 205.3 205.4 205.8 206.0 206.1 205.9 206.0 206.1 206.3 206.9 207.3 207.6 208.0 208.1 208.1 208.4 208.8 208.8 209.0 209.8 212.6 210.3 210.4 210.5 210.6 210.7 211.0 211.5 212.1 212.7 213.4 214.1 214.5 214.7 215.3 216.2 217.0 217.2 218.0 219.1 220.1 220.0 218.7 218.0 217.2 216.6 216.3 216.3 216.4 216.5 216.7 217.0 216.8 216.7 217.1 216.6 216.2 216.2 216.3 216.4 216.5 216.7 216.9 217.1 217.5 217.9 218.5
205.7 204.8 205.1 205.1 205.1 205.3 205.6 205.8 205.9 205.9 206.0 206.1 206.2 206.5 207.3 207.3 207.5 207.6 207.9 208.0 208.4 208.5 208.7 208.9 211.1 210.2 210.2 210.4 210.4 210.4 210.7 211.1 211.6 212.2 212.6 213.0 213.4 213.8 214.4 215.0 215.9 216.6 217.7 218.7 219.6 219.8 218.5 217.8 217.1 216.5 216.0 216.0 216.0 216.0 216.1 216.3 216.2 216.2 216.6 216.3 215.9 216.1 216.1 216.2 216.3 216.5 216.7 216.8 217.1 217.6 218.3
205.5 205.1 205.1 205.1 205.1 205.2 205.4 205.6 205.8 205.9 206.2 206.2 206.3 206.7 207.0 207.4 207.5 207.8 208.0 207.9 207.9 208.0 208.4 208.8 209.6 211.4 210.1 210.1 210.4 210.5 210.7 211.0 211.3 211.6 212.0 212.4 213.0 213.3 213.9 214.6 215.4 216.4 217.6 218.5 219.4 219.7 218.5 217.5 216.9 216.5 216.0 215.8 215.8 215.7 215.7 215.8 215.7 215.9 216.0 215.7 215.8 215.9 216.0 216.1 216.1 216.4 216.5 216.6 216.9 217.4 217.9
204.7 204.9 205.2 205.1 205.0 205.1 205.2 205.4 205.6 205.8 206.2 206.2 206.6 206.9 207.2 207.2 207.5 207.9 207.9 207.7 207.7 208.2 208.8 209.0 209.4 211.8 210.1 210.2 210.4 210.6 210.9 211.2 211.5 211.9 212.3 212.9 213.1 213.6 214.2 215.0 215.8 216.6 217.6 218.6 219.7 219.7 218.5 217.6 216.9 216.3 215.9 215.7 215.5 215.5 215.4 215.4 215.3 215.5 215.2 215.4 215.5 215.6 215.7 215.9 216.1 216.2 216.3 216.6 216.9 217.3 217.8
204.8 204.1 205.2 205.0 204.9 204.9 205.1 205.2 205.4 205.7 206.1 206.2 206.4 206.9 207.3 207.0 207.4 207.7 208.4 207.6 207.8 208.3 208.8 209.0 209.4 209.6 211.5 210.3 210.5 210.7 211.1 211.6 212.0 212.3 212.7 213.4 213.9 214.0 214.4 215.3 215.9 216.9 218.1 219.0 219.9 219.7 218.6 217.7 216.9 216.4 216.1 215.8 215.4 215.3 215.1 215.0 215.0 214.9 215.0 215.0 215.1 215.2 215.4 215.7 215.9 215.9 215.8 216.0 216.5 217.0 217.1
204.8 204.0 205.0 204.9 204.9 204.9 205.0 205.1 205.3 205.5 205.8 206.0 206.2 206.3 206.6 207.0 207.1 207.3 207.5 207.9 208.3 208.5 208.7 208.8 209.2 209.6 211.5 210.7 210.7 211.1 211.3 211.9 212.6 213.2 213.5 213.9 214.6 214.8 215.0 215.4 216.0 216.8 217.7 218.5 219.4 219.6 218.7 217.7 216.9 216.5 216.2 215.8 215.5 215.2 215.0 214.9 214.6 214.5 214.9 214.9 215.0 215.2 215.3 215.7 215.9 215.8 215.6 215.7 216.1 216.5 216.5
203.5 204.2 204.0 204.8 205.0 204.9 204.9 205.1 205.4 205.6 205.8 206.0 206.4 206.4 206.5 206.8 206.6 207.4 207.8 208.0 209.0 208.7 208.4 208.6 208.9 209.3 209.7 212.3 211.2 211.9 212.0 212.2 212.9 213.9 214.5 214.8 215.4 215.9 216.3 216.1 216.3 216.8 217.9 218.9 219.7 219.3 218.4 217.5 216.8 216.5 216.4 216.1 215.6 215.2 214.9 214.7 214.5 214.6 214.7 214.7 215.0 215.1 215.3 215.8 216.0 215.7 215.4 215.4 215.6 215.9 216.0
203.3 203.5 203.6 204.0 204.6 204.6 204.8 205.1 205.4 205.5 205.8 206.0 206.2 206.5 207.0 207.0 206.5 206.6 207.6 207.5 209.2 208.6 208.1 208.4 208.8 209.2 209.6 210.8 211.8 212.3 212.8 212.5 213.1 213.9 214.8 215.6 216.3 216.9 217.3 217.4 217.4 217.5 218.4 219.4 219.7 219.0 217.9 217.1 216.5 216.2 216.0 215.9 215.6 215.0 214.8 214.6 214.4 214.4 214.7 214.4 214.9 215.1 215.4 215.8 215.8 215.5 215.2 215.1 215.2 215.5 215.6
203.5 203.4 203.6 203.5 203.8 204.3 204.8 204.8 205.1 205.4 205.6 205.7 206.0 206.3 206.5 207.0 206.6 206.4 206.7 207.1 207.6 207.8 208.2 208.4 208.6 209.0 209.6 210.5 213.5 212.6 213.4 213.2 213.3 213.8 214.5 215.6 216.5 217.3 217.9 218.3 218.8 218.8 219.2 219.9 219.7 219.1 217.9 217.0 216.3 215.9 215.6 215.5 215.4 215.1 215.0 214.8 214.4 214.2 214.4 214.3 214.6 214.8 215.3 215.7 215.6 215.3 214.9 214.8 215.0 215.1 215.2
203.5 203.3 203.2 202.5 203.0 203.8 204.2 204.3 204.6 205.0 204.9 205.2 204.9 205.8 206.2 206.0 206.0 206.3 206.7 207.4 207.8 207.9 208.3 208.8 209.1 209.5 209.7 210.3 211.2 212.7 212.9 213.4 213.7 214.0 214.4 215.0 215.7 216.7 217.5 218.4 219.3 220.0 220.0 220.3 219.9 219.2 218.0 217.0 216.2 215.7 215.3 215.2 215.3 215.4 215.4 215.1 214.5 214.0 214.1 214.2 214.4 214.6 215.0 215.5 215.4 215.1 214.7 214.6 214.7 214.9 214.9
202.8 202.4 202.6 203.5 202.1 203.6 203.7 204.3 204.6 204.7 204.8 205.4 205.5 205.4 205.5 206.0 206.4 206.4 206.4 206.9 207.1 207.3 207.6 208.3 208.4 208.8 209.2 209.8 210.7 212.5 212.3 212.8 213.9 214.6 214.8 215.2 215.6 216.3 217.4 218.0 219.0 220.1 220.5 220.7 220.0 219.2 218.1 217.0 216.1 215.6 215.2 215.0 215.2 215.3 215.4 215.2 214.5 214.1 213.9 214.1 214.2 214.4 214.6 215.2 215.1 214.8 214.4 214.3 214.5 214.6 214.6
203.9 203.8 203.5 203.4 202.3 203.5 203.5 204.1 204.7 205.0 205.2 205.6 205.5 205.8 205.7 205.6 205.7 206.6 206.5 206.9 208.2 208.6 208.6 208.6 208.5 208.7 209.2 209.7 209.9 210.5 213.7 212.6 213.5 214.9 215.0 216.0 216.1 216.5 217.3 217.9 218.9 219.8 220.4 220.6 219.7 219.0 218.0 216.8 216.1 215.6 215.2 214.9 214.7 214.9 214.9 214.7 214.2 213.9 213.8 214.0 214.0 214.2 214.3 214.9 214.8 214.5 214.1 214.0 214.1 214.8 214.9
203.9 203.8 203.3 203.6 201.9 203.6 203.4 203.9 204.1 204.8 205.2 206.0 205.8 205.7 205.7 205.7 206.0 206.9 206.5 207.2 208.1 208.5 208.9 209.2 209.2 209.3 209.5 209.9 210.2 210.5 211.2 212.8 213.5 214.5 215.4 216.6 217.1 217.5 218.0 218.5 219.4 220.3 220.3 219.7 219.3 218.8 218.1 216.9 216.1 215.6 215.2 214.8 214.6 214.4 214.3 214.2 213.9 213.8 213.7 213.8 213.9 214.0 214.1 214.6 214.7 214.1 213.7 213.7 214.1 214.6 214.9
203.8 203.8 203.7 203.5 202.6 203.5 203.3 203.6 203.8 204.3 205.1 206.2 205.9 206.0 206.0 205.9 206.3 207.0 206.8 206.9 207.2 208.0 208.6 209.2 209.3 209.3 209.6 210.1 210.6 211.1 211.3 213.0 213.4 214.3 214.9 216.4 217.1 218.5 219.0 219.8 220.5 220.5 220.0 219.2 218.7 218.3 217.6 216.9 216.2 215.7 215.4 215.1 214.7 214.3 214.0 213.9 213.7 213.7 213.7 213.6 213.9 214.0 214.0 214.2 214.3 214.0 213.5 213.9 213.9 214.3 214.3
203.5 203.7 203.5 203.3 202.9 203.2 203.4 203.2 203.6 203.9 204.8 206.1 206.0 206.2 206.0 205.9 206.0 206.4 206.7 206.7 207.0 207.5 207.7 208.3 208.8 209.1 209.5 210.2 211.0 211.6 212.0 213.5 214.7 214.5 214.7 215.5 216.5 217.8 219.4 220.4 220.7 220.1 219.3 219.0 218.6 217.6 217.1 216.7 216.1 215.7 215.6 215.4 215.1 214.5 214.0 213.7 213.6 213.6 213.6 213.6 213.9 213.8 213.8 213.7 213.7 213.5 213.2 213.5 213.6 213.8 213.9
203.3 203.5 203.4 203.1 203.3 201.9 203.3 203.5 203.5 203.5 204.6 205.5 206.1 206.0 205.8 205.8 205.9 206.4 206.7 206.7 206.9 207.3 207.6 208.1 208.6 209.1 209.6 210.2 211.2 211.9 212.7 213.3 213.8 214.1 214.9 215.8 217.1 218.4 219.4 220.4 220.4 220.1 219.6 219.0 218.3 217.5 216.8 216.4 215.8 215.5 215.5 215.4 215.2 214.7 214.1 213.7 213.5 213.5 213.6 213.3 213.5 213.4 213.4 213.3 213.1 213.0 213.0 213.2 213.5 213.6 213.6
203.1 203.4 202.0 202.5 203.1 202.5 203.3 203.8 203.7 203.2 203.8 204.1 205.0 205.6 205.6 205.8 206.1 206.2 206.9 207.0 207.1 207.5 207.3 208.1 208.6 209.0 209.4 210.0 210.6 211.3 212.1 212.8 213.6 214.4 215.5 216.7 218.2 219.1 219.3 219.9 220.0 220.0 219.9 218.9 218.4 217.4 216.8 216.2 215.6 215.3 215.1 215.1 214.8 214.2 213.9 213.5 213.3 213.3 213.3 213.1 213.2 213.1 213.1 212.9 212.6 212.9 213.1 213.0 213.1 213.3 213.2
203.1 202.4 203.5 203.4 203.2 203.9 203.9 203.9 203.8 203.6 203.8 204.1 204.6 205.6 205.9 206.2 206.6 206.3 206.6 206.7 206.8 207.6 207.6 208.5 208.8 209.2 209.4 209.8 210.2 210.9 211.4 212.4 213.0 213.6 214.6 216.4 217.7 218.2 218.8 219.4 220.0 220.1 219.7 219.0 218.2 217.4 216.7 216.1 215.6 215.2 214.8 214.5 214.2 213.9 213.4 213.2 213.1 213.1 213.0 213.0 212.9 212.9 212.8 212.8 212.4 212.6 212.8 212.7 212.8 212.9 213.1
203.0 201.9 203.4 203.0 203.4 203.4 203.4 203.5 203.3 202.6 202.6 203.6 204.3 205.4 206.0 206.0 206.6 206.7 206.5 206.8 206.8 207.3 207.6 208.2 208.9 209.0 209.2 209.5 210.1 210.3 210.9 211.5 212.7 213.4 214.5 214.9 216.4 217.1 218.0 219.0 219.9 220.1 219.5 218.8 218.0 217.2 217.0 216.5 216.0 215.4 215.0 214.7 214.4 214.1 213.7 213.3 213.1 213.1 212.9 212.8 212.6 212.7 212.6 212.5 212.4 212.3 212.5 212.5 212.6 212.7 212.9
203.0 202.7 202.4 203.1 203.4 203.5 203.4 203.5 203.6 203.1 203.5 204.0 204.9 205.6 206.1 206.1 206.3 206.5 206.7 206.8 206.9 207.0 207.4 207.9 208.4 208.7 208.8 209.1 209.7 209.8 210.6 212.0 212.6 213.5 214.3 214.4 215.5 216.8 217.5 219.0 220.0 220.1 219.6 219.0 218.6 217.8 217.3 217.2 216.5 216.0 215.6 215.2 214.8 214.5 214.0 213.6 213.1 213.0 212.9 212.5 212.3 212.3 212.3 212.2 212.2 212.2 212.4 212.3 212.4 212.5 212.8
203.2 203.2 202.9 202.9 203.1 203.0 203.2 203.3 203.5 203.3 203.2 204.0 205.5 205.9 205.8 205.7 206.1 206.3 206.7 206.9 207.1 206.9 207.6 208.3 208.6 208.7 208.8 209.1 209.7 209.9 210.9 212.1 213.0 213.8 213.7 213.9 214.7 215.8 216.8 218.5 219.8 220.1 219.8 219.6 219.2 218.6 218.2 218.0 217.4 216.8 216.2 215.8 215.3 214.9 214.4 214.1 213.3 212.8 212.8 212.5 212.2 212.0 212.0 212.1 212.0 212.0 212.3 212.3 212.2 212.4 212.7
203.5 203.5 203.2 201.6 202.6 202.7 203.8 202.5 202.8 203.4 202.6 203.9 205.5 205.5 205.6 205.5 206.1 206.5 207.2 207.3 207.2 207.1 207.5 208.4 208.6 208.7 208.9 209.2 209.7 209.7 210.7 211.9 212.6 212.9 212.9 213.2 214.6 214.8 216.3 218.0 219.0 220.0 220.4 220.2 220.3 219.5 219.0 219.0 218.1 217.4 216.9 216.3 215.6 215.2 214.9 214.6 213.7 213.0 212.7 212.5 212.3 212.0 211.9 211.8 211.8 212.0 212.2 212.1 212.0 212.2 212.4
203.6 203.5 203.4 201.5 203.3 203.3 203.2 203.3 203.3 203.5 202.4 203.9 205.3 205.6 205.8 205.6 205.7 206.3 207.2 207.4 207.4 207.3 207.2 208.4 208.7 208.6 209.0 209.3 209.9 210.2 210.6 211.4 212.0 212.4 212.5 212.9 213.8 214.6 215.6 217.2 218.6 220.0 220.5 220.4 220.5 219.8 219.3 219.3 218.6 218.0 217.5 216.8 216.1 215.8 215.0 214.8 213.9 213.2 212.8 212.3 212.1 211.9 211.9 211.7 211.7 211.9 212.1 212.1 211.8 212.1 212.3
203.8 203.9 203.2 201.5 202.8 203.0 202.8 203.2 203.4 203.3 202.4 202.7 205.1 205.5 205.8 205.8 205.7 206.2 207.0 207.4 207.5 207.4 207.1 207.9 208.6 208.7 209.0 209.4 209.8 210.1 210.6 211.0 211.6 211.8 212.1 213.1 214.2 215.0 214.9 218.1 219.5 220.8 220.1 219.9 220.3 219.8 219.2 219.1 218.9 218.1 217.7 217.2 216.3 215.8 214.9 215.0 214.3 213.7 213.5 212.7 212.4 212.0 211.8 211.6 211.6 211.6 211.8 211.9 211.7 211.9 212.2
204.0 203.9 203.1 202.1 203.1 202.9 202.4 203.4 203.1 203.4 202.4 202.6 204.8 205.3 205.7 205.9 205.5 206.0 206.6 207.1 207.1 207.3 207.3 207.5 208.1 208.5 208.6 209.4 209.8 210.3 210.7 210.7 211.4 211.8 212.1 213.2 214.4 215.4 215.8 215.5 219.4 219.9 219.2 219.0 219.4 219.3 218.8 218.4 218.1 217.8 217.4 216.8 216.0 215.3 214.9 214.8 214.7 214.3 214.2 213.1 212.0 211.8 211.7 211.6 211.5 211.5 211.6 211.6 211.6 211.8 212.1
204.2 204.2 203.0 202.1 203.1 203.0 202.3 203.0 202.8 203.2 202.4 202.4 204.1 203.7 205.6 205.8 205.6 205.5 206.3 206.6 206.7 206.7 206.8 207.5 208.1 208.5 208.7 208.9 209.6 210.0 211.1 211.3 211.2 212.0 212.4 213.2 214.1 214.6 215.5 216.1 218.6 219.8 218.4 218.1 218.6 218.6 218.1 217.7 217.5 217.0 216.5 216.1 215.7 215.1 214.7 214.8 214.6 214.1 213.9 213.1 212.1 211.7 211.6 211.6 211.6 211.5 211.5 211.5 211.5 211.7 211.9
204.4 204.3 202.7 201.4 203.0 202.7 203.1 203.1 202.8 203.0 202.4 203.4 203.4 203.2 205.3 205.5 205.6 205.5 206.1 206.3 206.7 206.8 207.3 207.7 208.3 208.5 208.9 209.0 209.6 210.0 210.3 210.5 210.9 211.5 212.1 213.0 213.3 214.5 215.7 217.4 215.0 219.4 218.1 217.6 217.6 217.6 217.4 217.1 216.9 216.7 216.1 215.4 214.7 214.5 214.3 214.4 214.1 213.9 213.6 213.0 212.0 211.6 211.5 211.5 211.5 211.4 211.4 211.4 211.4 211.6 211.8
204.4 204.4 202.3 203.0 202.9 203.1 203.1 202.9 203.0 203.0 202.6 203.4 203.3 203.3 203.3 205.4 205.5 205.5 206.2 206.3 206.7 206.8 207.1 207.9 208.4 209.3 209.4 209.5 209.9 209.8 210.0 210.3 210.8 211.3 211.8 212.5 213.5 214.7 216.0 217.0 218.4 215.2 217.6 217.1 217.0 216.6 216.6 216.8 216.3 215.6 215.3 214.9 214.6 214.5 214.7 214.7 213.9 213.8 213.7 212.8 212.0 211.6 211.4 211.4 211.5 211.4 211.3 211.3 211.4 211.5 211.6
204.3 204.3 201.4 203.0 202.8 203.0 203.0 203.3 202.8 203.2 203.3 203.3 203.2 203.2 203.0 203.5 205.0 205.8 206.3 206.7 207.0 207.1 207.3 208.4 208.5 209.1 210.3 210.4 210.6 210.2 210.3 210.4 210.7 211.3 211.8 212.7 213.6 214.3 215.6 216.5 218.1 215.8 216.8 217.0 216.2 216.0 216.2 216.5 216.2 215.3 214.8 215.0 215.2 215.5 215.2 214.4 214.0 213.9 213.4 212.7 212.0 211.7 211.5 211.4 211.4 211.4 211.3 211.3 211.3 211.4 211.5
204.1 204.1 203.7 202.1 202.8 202.7 202.9 203.1 203.2 203.3 203.3 203.4 203.2 203.1 203.0 203.0 204.1 206.9 207.3 207.4 208.0 207.5 207.5 208.4 208.7 209.3 210.0 210.6 210.6 210.7 210.9 211.2 211.4 211.7 212.0 212.4 213.1 213.9 215.1 216.8 217.8 219.0 214.9 216.3 215.9 215.5 215.8 215.9 215.9 215.2 215.0 215.2 215.4 215.6 215.3 214.3 214.0 213.2 212.8 212.5 211.9 211.7 211.5 211.4 211.3 211.3 211.3 211.3 211.3 211.4 211.5
205.1 205.1 205.1 203.9 201.2 203.7 204.7 204.5 204.3 204.2 204.0 203.9 203.8 203.4 203.3 203.3 204.6 205.9 206.7 207.3 207.2 207.3 207.8 208.3 208.7 209.1 210.0 210.3 210.8 211.3 211.5 212.3 212.4 212.6 212.8 213.1 213.5 214.4 215.4 216.5 218.1 218.0 216.3 215.2 215.5 215.3 215.5 215.5 215.4 215.2 215.3 214.9 215.4 215.5 215.0 214.1 213.6 213.0 212.7 212.4 212.0 211.9 211.8 211.6 211.5 211.4 211.2 211.3 211.4 211.5 211.7
203.4 203.3 203.7 203.5 202.1 203.3 204.2 204.6 204.1 203.7 203.6 203.2 203.1 203.2 203.3 203.8 204.9 205.6 206.1 206.5 206.7 207.0 207.6 208.1 208.5 209.1 209.7 210.2 210.8 211.6 212.1 212.5 212.8 213.0 213.2 213.5 214.0 214.6 215.4 216.3 217.2 217.0 215.8 215.1 214.8 215.0 214.9 214.7 215.0 214.7 214.5 214.6 214.9 215.4 214.5 213.8 213.1 212.5 211.9 211.5 211.3 211.3 211.3 211.0 210.8 210.7 210.5 210.6 211.2 211.0 211.5
203.4 203.2 203.1 202.8 203.4 201.3 204.5 204.8 204.5 204.5 205.1 206.3 203.9 203.8 203.8 203.0 204.1 205.4 206.0 205.9 206.5 207.4 207.8 208.4 208.6 209.2 209.8 210.8 211.2 212.5 213.7 214.2 214.3 215.1 214.7 215.0 215.6 215.8 216.4 217.0 218.0 217.0 216.4 215.9 214.7 214.8 214.9 214.7 214.3 214.3 213.8 213.8 214.2 214.7 214.0 213.5 212.9 212.4 211.7 211.1 210.7 210.6 210.7 210.6 210.6 210.4 210.1 210.4 210.4 210.5 211.1
203.4 203.3 203.0 202.7 202.8 203.4 201.2 203.7 204.1 204.1 204.3 204.3 204.0 203.6 203.4 202.7 203.2 205.1 206.2 206.4 206.4 206.9 207.7 208.5 208.9 209.5 210.0 211.0 211.7 213.3 214.7 215.4 215.8 215.7 216.1 216.1 216.5 217.2 217.8 217.5 218.0 216.6 216.1 215.6 214.9 214.2 214.7 214.1 213.8 213.7 213.5 213.4 213.6 213.5 213.2 213.0 212.6 212.2 211.6 210.9 210.4 210.1 210.1 210.2 210.4 210.2 210.0 210.2 210.2 210.4 210.8
203.5 203.2 203.1 202.9 202.8 202.7 203.2 201.7 201.6 203.9 204.2 204.0 203.3 202.8 202.8 202.8 202.9 204.7 207.1 207.7 207.4 207.4 207.8 208.7 209.1 210.2 210.5 211.3 212.5 214.0 215.2 215.9 216.0 215.7 216.0 216.1 216.9 217.5 218.4 217.9 218.2 216.7 215.9 215.3 215.3 214.3 213.9 213.7 213.5 213.4 213.1 212.8 213.0 213.2 212.7 212.5 212.3 212.1 211.8 211.1 210.5 210.1 209.9 209.9 210.0 210.0 209.8 210.0 210.1 210.2 210.5
203.4 203.2 202.9 202.9 202.8 202.7 203.1 203.2 202.9 201.5 203.2 203.2 201.8 201.8 202.4 202.8 202.9 204.5 207.3 208.3 207.8 207.9 208.3 209.1 209.7 210.8 211.1 211.5 213.1 214.2 214.6 214.8 215.1 215.4 215.7 216.0 216.3 216.8 217.5 218.0 217.1 216.3 215.7 215.4 215.0 214.8 214.3 213.9 213.4 213.0 212.9 212.4 212.3 212.5 212.2 212.0 212.0 211.8 211.6 211.2 210.8 210.5 210.0 209.8 209.9 209.9 209.7 209.9 210.0 210.2 210.3
203.4 203.1 203.0 202.8 202.8 202.7 203.0 203.3 202.7 201.8 203.2 203.2 201.8 201.8 202.2 202.6 203.0 204.9 206.9 207.5 208.1 208.3 208.4 209.3 210.1 210.8 211.7 211.8 214.0 214.6 214.8 215.0 214.9 215.1 215.5 215.9 216.6 216.9 217.7 218.0 217.6 217.1 216.5 215.7 215.1 214.9 214.3 213.8 213.6 213.3 212.6 212.1 211.9 211.9 211.7 211.6 211.7 211.5 211.2 210.9 210.7 210.5 210.2 209.9 209.8 209.8 209.6 209.8 209.9 210.1 210.3
203.2 203.0 202.9 202.7 202.7 202.7 203.0 203.0 202.5 201.9 203.1 202.9 203.5 201.8 202.3 202.5 203.1 205.9 206.9 207.2 207.9 208.4 209.5 210.0 210.7 211.1 212.1 212.4 213.7 214.3 214.3 214.6 214.7 215.0 215.4 215.9 216.5 217.3 217.8 218.0 218.1 217.9 217.0 216.1 215.4 214.7 214.4 214.2 213.6 213.2 212.9 212.7 212.0 211.7 211.4 211.3 211.5 211.2 210.9 210.7 210.5 210.5 210.2 209.9 209.7 209.9 209.6 209.8 209.8 210.1 210.4
203.2 203.1 202.9 202.6 202.7 202.7 202.8 203.0 202.5 201.4 202.5 201.8 201.8 201.8 202.7 202.8 203.7 206.1 207.0 207.1 208.2 208.8 209.8 210.6 211.4 211.6 212.7 213.0 213.2 213.9 214.1 214.5 214.8 214.9 215.4 215.7 216.4 217.0 217.5 217.8 218.2 217.9 217.3 216.0 215.4 214.7 214.5 214.2 214.1 213.4 213.1 213.1 212.7 212.1 211.8 211.5 211.1 210.9 210.8 210.5 210.4 210.3 210.1 209.9 209.7 209.6 209.6 209.7 209.7 210.0 210.3
203.2 203.1 202.7 202.6 202.8 202.5 202.8 202.8 202.7 202.6 203.0 201.8 201.8 203.0 202.7 203.0 205.1 206.9 207.7 208.2 208.7 209.3 209.8 210.5 211.4 212.0 212.9 213.6 213.4 213.5 213.8 214.1 214.5 214.7 215.0 215.2 215.5 216.1 216.5 217.1 217.2 217.1 216.5 215.8 215.1 214.5 214.2 214.0 214.0 213.8 213.5 213.2 212.7 212.3 211.8 211.2 210.9 210.7 210.7 210.4 210.2 210.1 209.9 209.8 209.7 209.5 209.5 209.6 209.6 209.8 210.2
203.3 202.7 202.6 202.7 202.7 202.5 202.6 202.8 201.8 202.9 203.0 203.4 203.2 202.9 202.6 204.9 207.0 207.7 208.4 209.4 210.0 211.0 211.0 211.3 211.9 212.6 213.6 214.2 213.5 213.3 213.7 214.2 214.6 214.6 214.8 215.1 215.5 216.0 216.5 216.8 217.6 217.2 216.8 215.8 215.4 214.7 214.6 214.2 213.9 213.6 213.6 213.3 213.3 212.5 211.9 211.3 210.9 210.6 210.5 210.4 210.1 209.8 209.7 209.5 209.6 209.4 209.5 209.5 209.4 209.7 210.0
203.0 202.4 202.5 202.6 202.4 202.5 202.5 202.8 201.9 202.9 203.1 203.0 202.9 202.7 203.0 206.5 207.3 208.3 209.2 209.9 211.1 211.8 211.6 211.5 211.7 212.8 213.7 213.7 213.5 213.0 213.4 213.9 214.2 213.9 214.1 214.1 214.6 215.0 215.9 216.7 217.4 217.0 216.3 215.7 215.4 214.8 214.5 214.2 213.9 213.6 213.9 213.5 213.5 213.0 212.3 211.7 210.9 210.5 210.3 210.1 209.9 209.7 209.6 209.4 209.5 209.3 209.3 209.4 209.5 209.6 210.0
202.7 202.3 202.4 202.4 202.6 202.5 202.5 202.8 201.7 203.0 202.9 202.9 202.8 202.6 203.8 206.5 207.9 209.1 210.1 210.9 211.9 212.6 212.2 212.2 212.5 213.6 213.9 213.7 213.4 212.5 213.1 213.3 213.4 213.4 213.5 213.8 214.4 215.0 215.8 216.5 217.3 216.7 216.1 215.5 215.0 214.6 214.4 214.1 213.9 213.3 213.2 213.9 213.2 212.8 212.6 211.9 211.1 210.6 210.4 210.2 210.0 209.8 209.5 209.3 209.4 209.2 209.3 209.4 209.4 209.3 209.4
202.5 202.2 202.2 202.3 202.4 202.4 202.6 202.2 202.6 202.9 202.9 202.8 202.7 202.9 205.6 207.0 208.6 209.7 211.0 212.5 212.8 213.1 213.3 213.6 213.7 213.8 213.9 213.6 213.1 212.1 213.0 212.7 212.8 213.1 213.2 213.5 214.1 214.8 215.6 216.5 216.8 216.5 215.8 215.3 215.0 214.6 214.4 214.0 213.6 213.2 212.9 212.9 213.0 212.2 212.4 212.1 211.4 210.9 210.7 210.3 210.0 209.8 209.5 209.3 209.2 209.1 209.2 209.3 209.3 209.3 209.1
202.2 202.3 202.5 202.5 202.5 202.5 202.7 201.6 202.8 202.8 202.8 202.8 202.9 203.8 206.9 207.5 207.9 209.8 211.2 212.7 213.5 214.0 214.1 214.0 213.9 213.8 213.5 213.2 212.6 211.9 212.1 212.1 212.6 212.9 213.2 213.6 214.4 214.9 215.6 215.9 216.1 216.0 215.4 215.6 215.5 214.8 214.4 213.8 213.2 213.2 212.8 212.6 213.6 212.3 212.1 212.0 211.1 210.8 210.7 210.5 210.2 209.9 209.6 209.2 209.2 209.1 209.1 209.3 209.2 209.1 209.0
202.1 202.3 202.6 202.6 202.6 202.6 202.2 202.7 202.8 202.7 202.8 202.8 202.8 203.5 207.7 208.6 209.3 209.4 210.7 211.8 213.1 214.2 214.2 213.7 213.3 213.4 212.8 212.6 212.3 211.6 212.2 212.2 212.4 212.9 213.4 213.8 214.6 215.0 215.4 215.4 215.2 215.0 214.9 214.8 214.9 214.6 214.3 213.8 213.2 212.9 212.6 212.5 212.4 213.3 211.7 211.2 210.9 210.6 210.6 210.4 210.1 209.9 209.6 209.2 209.1 209.2 209.2 209.1 209.1 209.0 209.0
202.0 202.3 202.6 202.6 202.4 202.6 202.7 202.7 202.7 202.8 202.7 202.7 202.7 204.3 208.6 209.6 210.3 211.0 211.5 212.2 213.2 214.4 214.2 213.5 213.1 212.5 212.4 212.2 211.7 211.5 211.7 211.9 212.6 212.7 213.1 213.7 214.3 215.0 215.3 215.0 214.7 214.3 214.1 214.2 214.0 214.0 213.7 213.7 213.4 213.2 213.0 212.3 212.3 212.2 212.1 211.1 210.8 210.5 210.6 210.3 209.9 209.7 209.4 209.1 209.1 209.0 209.0 209.0 209.0 209.0 209.1
202.2 202.2 202.5 202.5 202.4 202.5 202.7 202.7 202.7 202.7 202.7 202.9 202.8 206.8 208.3 210.2 211.6 212.3 213.5 213.9 214.3 214.6 214.1 213.3 212.7 212.2 211.7 211.5 211.6 211.3 211.6 212.0 212.8 212.7 213.2 213.7 214.3 214.9 215.0 214.6 214.2 213.8 213.6 213.6 213.7 213.4 213.1 213.1 213.3 213.1 212.7 212.4 212.1 211.9 212.9 211.1 209.5 210.5 210.5 210.3 209.9 209.6 209.4 209.1 209.0 209.0 209.0 208.9 209.0 208.9 209.0
202.3 202.2 202.2 202.4 202.2 201.0 202.6 202.5 202.5 202.4 202.3 203.0 206.6 209.2 209.8 210.4 211.9 213.2 214.0 214.2 214.7 214.4 214.0 213.1 212.7 212.4 211.5 211.5 211.6 211.1 211.1 211.7 212.0 212.6 213.0 213.3 214.1 214.6 214.7 214.3 213.7 213.2 212.9 213.1 213.1 213.1 212.9 212.6 212.5 212.5 212.3 212.3 211.9 211.9 211.8 212.9 210.8 210.4 210.2 210.1 209.8 209.6 209.4 209.2 209.1 208.9 208.9 208.8 208.9 208.8 208.8
202.3 202.2 202.3 202.3 202.6 202.6 202.4 202.3 202.3 202.6 207.4 208.2 208.3 209.7 211.1 211.8 212.2 213.7 214.6 214.9 214.9 214.2 213.8 213.2 212.6 212.1 211.5 210.9 210.7 211.3 211.0 211.6 212.3 212.5 212.9 213.3 213.9 214.2 214.0 213.6 213.4 212.7 212.3 212.3 212.4 212.2 212.1 212.1 211.7 211.8 211.8 211.8 211.7 211.2 211.0 211.4 210.5 210.9 210.1 209.9 209.6 209.5 209.4 209.3 209.2 208.9 208.8 208.8 208.9 208.7 208.7
202.1 202.1 202.2 202.4 201.2 202.2 202.7 203.0 205.3 206.9 208.9 210.0 210.5 211.3 212.2 213.1 213.2 213.5 213.9 214.5 214.8 213.9 213.9 213.0 212.3 211.8 211.3 210.8 210.5 210.8 210.7 211.5 212.0 212.3 213.0 213.1 213.2 213.4 213.5 213.4 213.0 212.5 212.1 212.0 211.8 211.6 211.3 211.2 211.1 211.1 211.2 211.1 211.0 210.8 210.7 210.9 212.5 210.4 210.0 209.9 209.6 209.4 209.3 209.2 209.1 209.0 208.8 208.6 208.7 208.7 208.6
202.1 202.2 202.4 202.7 202.4 202.5 203.7 204.5 206.8 208.5 209.6 210.2 211.5 212.9 213.2 213.4 213.3 213.2 213.4 213.8 213.8 213.6 213.3 212.9 212.4 211.9 211.4 210.7 210.7 210.6 210.6 211.1 211.5 212.1 212.6 212.6 212.7 213.0 213.1 213.2 213.0 212.5 212.2 211.9 211.6 211.4 210.9 210.6 210.5 210.5 210.5 210.5 210.7 210.8 210.7 210.6 211.0 212.5 210.2 209.9 209.7 209.5 209.3 209.1 209.0 208.9 208.8 208.4 208.7 208.5 208.4
202.3 202.2 202.5 200.9 202.5 202.5 203.2 206.4 208.4 210.8 211.4 210.7 211.5 213.0 213.7 213.3 212.9 212.9 213.0 213.1 213.1 213.1 212.9 212.6 212.2 211.8 211.0 210.5 210.5 210.6 210.5 210.7 211.2 211.8 212.1 212.3 212.4 212.5 212.8 212.8 212.4 212.1 212.1 212.1 211.8 211.4 210.8 210.4 210.2 210.1 210.0 210.1 210.4 210.5 210.5 210.4 210.3 210.9 210.5 210.0 209.8 209.6 209.5 209.2 209.1 208.9 208.7 208.4 208.8 208.5 208.4
202.4 202.4 202.5 201.5 202.5 202.5 203.6 207.2 209.4 211.0 212.5 212.1 211.9 212.6 213.2 212.8 212.6 212.6 212.7 213.1 212.8 212.5 212.5 212.3 211.8 211.2 210.6 210.5 210.1 210.2 210.3 210.7 211.4 211.7 211.9 211.7 212.2 211.9 212.3 212.1 212.0 211.8 211.6 211.5 211.6 211.4 210.9 210.3 210.0 209.9 209.9 210.0 210.2 210.4 210.4 210.2 210.0 210.0 212.0 210.0 209.9 209.8 209.6 209.4 209.4 209.1 208.8 208.3 208.6 208.5 208.4
202.5 202.4 201.9 202.5 202.5 202.6 203.6 206.3 208.2 210.0 211.9 212.9 212.7 212.8 212.9 212.7 212.4 212.4 212.7 212.5 212.2 212.2 212.2 212.2 211.6 210.9 210.5 210.2 210.0 209.9 210.0 210.5 211.0 211.4 211.2 211.2 211.3 211.5 211.8 211.6 211.5 211.3 211.1 211.2 211.3 211.4 210.9 210.3 210.1 209.9 209.7 209.7 210.0 210.2 210.1 209.9 209.7 209.7 210.3 212.2 209.9 209.9 209.9 209.8 209.6 209.2 208.9 208.7 208.5 208.5 208.5
202.8 202.4 200.8 202.5 202.4 202.6 203.5 208.2 208.5 209.8 211.1 212.5 212.9 213.0 212.5 212.1 211.9 211.9 212.3 212.2 211.7 211.8 211.6 211.8 211.2 210.5 209.8 209.5 209.4 209.3 209.8 210.4 210.8 211.2 211.0 211.0 211.0 211.3 211.6 211.4 211.3 211.0 210.8 211.0 211.1 211.0 211.0 210.4 210.2 209.9 209.7 209.4 209.6 209.7 209.8 209.6 209.4 209.5 209.6 210.6 210.2 209.9 210.0 209.9 209.7 209.3 209.0 208.9 208.4 208.5 208.5
202.7 202.4 201.5 202.5 202.4 202.5 205.1 209.7 209.5 210.1 211.1 212.1 212.6 212.7 212.4 211.9 211.5 211.7 211.9 212.0 211.3 211.0 210.9 211.2 211.1 210.4 209.7 209.2 209.1 209.1 209.7 210.2 210.9 211.2 210.9 210.7 210.6 210.8 210.8 210.9 211.0 210.8 210.8 210.7 210.8 210.8 210.7 210.2 210.0 209.7 209.5 209.3 209.3 209.4 209.4 209.3 209.2 209.2 209.3 209.6 211.2 209.8 209.7 209.7 209.6 209.3 209.1 208.9 208.2 208.5 208.4
202.6 202.2 201.1 202.6 202.5 203.0 206.5 210.2 210.4 210.6 211.3 212.0 212.0 211.9 211.7 211.3 211.0 211.1 211.4 211.3 210.8 210.5 210.5 210.8 210.8 210.3 209.6 209.1 208.9 208.9 209.5 210.3 211.1 211.2 210.7 210.4 210.3 210.2 210.2 210.4 210.7 210.5 210.6 210.4 210.6 210.6 210.6 210.1 209.9 209.6 209.5 209.4 209.2 209.2 209.2 209.1 209.1 209.1 209.1 209.2 209.8 212.0 209.6 209.6 209.7 209.6 209.5 208.9 208.4 208.4 208.4
202.1 202.2 200.8 203.2 203.2 204.4 208.3 210.2 210.9 211.5 212.0 212.1 212.0 211.7 211.3 211.0 210.8 210.8 211.1 211.0 210.5 210.1 210.3 210.5 210.5 210.1 209.6 209.2 208.7 208.9 209.4 209.7 210.6 210.6 209.9 209.6 209.8 209.7 209.8 210.3 209.8 209.9 209.8 209.8 210.0 210.2 210.5 210.1 209.6 209.3 209.1 209.0 208.9 208.8 208.8 208.8 208.7 208.7 208.8 208.8 209.0 209.9 209.2 209.3 209.6 209.8 210.1 209.2 208.4 208.2 208.1
202.2 202.4 203.2 205.1 205.4 206.1 208.2 209.5 210.5 211.4 212.0 212.2 211.9 211.6 211.4 210.9 210.5 210.4 210.4 210.4 209.9 209.7 209.9 210.1 210.1 209.8 209.4 209.0 208.6 208.4 208.9 209.4 210.0 210.1 209.3 209.7 209.5 209.3 209.4 209.9 209.4 209.7 209.5 209.5 209.9 210.1 210.1 210.0 209.4 209.0 208.8 208.8 208.7 208.6 208.8 208.7 208.7 208.7 208.8 208.8 209.0 209.2 210.9 209.4 209.6 210.0 210.1 209.4 208.5 208.2 208.0
202.2 202.3 205.8 206.2 206.3 206.6 207.4 208.8 209.9 210.8 211.5 211.8 211.6 211.4 211.7 210.9 210.3 210.0 210.0 209.8 209.5 209.3 209.6 209.9 210.0 209.8 209.3 208.9 208.5 208.2 208.5 209.2 209.3 209.3 209.0 209.2 209.5 209.1 209.0 209.0 209.5 209.3 209.3 209.4 209.7 209.9 209.9 209.9 209.5 209.0 208.8 208.6 208.6 208.5 208.6 208.6 208.6 208.8 208.9 209.1 209.2 209.2 209.7 211.8 209.9 210.2 210.0 209.5 208.6 208.2 208.1
202.3 201.2 207.6 207.9 208.1 208.2 208.3 208.8 209.5 210.5 211.2 211.3 211.2 211.2 211.7 211.1 210.5 210.2 209.6 209.4 209.2 209.0 209.3 209.6 209.8 210.0 209.6 208.9 208.4 208.0 208.0 208.9 208.9 208.9 208.8 209.2 209.2 208.9 208.8 209.2 209.5 209.4 209.1 209.0 209.4 209.5 209.8 210.0 209.6 209.1 208.7 208.6 208.4 208.3 208.4 208.4 208.6 208.8 209.1 209.2 209.3 209.1 209.2 209.8 209.8 210.2 210.0 209.4 208.7 208.2 208.1
200.8 207.6 209.3 209.6 209.7 209.7 209.6 209.6 210.1 210.6 210.7 210.8 210.7 210.8 211.2 211.1 210.8 210.7 209.9 209.4 209.0 208.7 208.9 209.2 209.5 210.1 209.6 208.6 208.1 207.9 207.8 208.7 208.5 208.9 208.8 209.0 209.0 208.7 208.6 209.1 209.5 209.3 209.0 208.7 208.8 209.0 209.4 209.7 209.4 208.9 208.5 208.4 208.3 208.1 208.2 208.3 208.5 208.7 208.9 209.0 209.2 208.9 208.8 209.4 210.6 210.0 209.7 209.2 208.6 208.2 208.1
206.6 208.3 209.8 210.5 210.8 210.7 210.6 210.3 210.3 210.4 210.4 210.4 210.4 210.5 211.0 210.9 210.8 210.8 210.0 209.4 208.9 208.6 208.6 208.8 209.2 210.0 209.6 208.5 208.0 207.7 207.7 208.3 208.4 208.6 208.6 208.7 208.7 208.5 208.5 208.9 209.1 209.0 208.7 208.4 208.4 208.6 209.0 209.3 209.0 208.7 208.3 208.1 208.1 208.0 208.2 208.4 208.5 208.6 208.8 208.9 208.9 208.8 208.4 208.8 209.4 211.2 209.3 208.9 208.4 208.1 208.0
206.3 208.4 209.4 210.0 210.6 210.8 210.9 210.6 210.3 210.3 210.3 210.2 210.2 210.3 210.8 210.8 210.6 210.4 209.8 209.4 209.1 208.8 208.4 208.5 208.9 209.8 209.4 208.4 207.9 207.6 207.5 208.1 208.2 208.6 208.4 208.4 208.4 208.3 208.3 208.6 208.7 208.6 208.4 208.2 208.2 208.3 208.6 208.9 208.7 208.4 208.1 207.9 207.9 207.9 208.2 208.3 208.5 208.6 208.7 208.6 208.6 208.4 208.1 208.2 208.2 209.1 209.3 208.5 208.3 208.0 207.9
206.4 208.0 208.8 209.1 209.8 210.5 210.8 210.5 210.3 210.3 210.2 210.3 210.2 210.1 210.5 210.6 210.4 210.2 209.8 209.5 209.3 208.8 208.3 208.2 208.5 209.3 209.0 208.3 207.8 207.6 207.4 207.9 208.3 208.3 208.2 208.2 208.1 208.0 208.0 208.2 208.3 208.3 208.2 207.9 207.9 208.0 208.2 208.4 208.4 208.1 207.9 207.7 207.8 207.8 208.1 208.3 208.5 208.5 208.4 208.3 208.2 208.1 207.7 207.9 207.9 208.2 209.5 207.8 208.1 207.8 207.9
205.9 207.3 207.8 208.5 209.4 210.5 210.9 210.6 210.4 210.4 210.4 210.5 210.4 210.0 210.3 210.4 210.1 210.0 209.8 209.7 209.4 208.6 208.2 208.1 208.2 209.0 208.7 208.0 207.6 207.6 207.3 207.5 208.0 207.8 208.0 207.9 207.9 207.8 207.8 207.9 208.0 207.9 207.9 207.7 207.7 207.7 207.7 207.9 208.1 208.1 207.8 207.6 207.5 207.8 208.1 208.3 208.5 208.3 208.1 207.9 207.9 208.0 207.5 207.7 207.7 207.8 208.7 211.0 207.8 207.8 207.8
