# ============================================================================
#  THE LOTS OF ROSSVILLE, ILLINOIS - FROM THE COUNTY'S OWN RECORDS
#
#  794 cadastral parcels, pulled from Vermilion County's property service
#  (gis.cityofdanville.org/arcgis/rest/services/Property/Property), which is the
#  Supervisor of Assessment's own boundary data. Raw download kept at
#  tools/rossville-parcels.geojson so this file can be rebuilt.
#
#  Converted to metres about the crossing of Chicago Street and Attica Street -
#  the same origin the street grid uses - and offset so that crossing sits at
#  750,1335 on the map.
#
#  THESE ARE NOT INVENTED AND NOT AVERAGED. The median lot is 1,011 square
#  metres: 26.3m of frontage by 51.1m deep, which is a quarter acre and is what
#  a village lot in eastern Illinois actually is. The generated ones before this
#  were 13m by 7m - the frontage happened to be close and the depth was out by a
#  factor of seven, which is why the houses stood in a row down the middle of
#  blocks that should have been back gardens.
#
#  One parcel per line, as a closed ring of x,y points.
#
#  ROTATED +1.81 DEGREES ABOUT THE CROSSING, on 2026-08-01. The original lat/lon
#  to metres conversion left every parcel skewed about two degrees off the
#  street grid's own axes - invisible on any single lot, obvious as a citywide
#  drift once the plan was rendered straight down: lot lines up to 60m off the
#  road they front by the edge of the map. Measured off the parcel data itself
#  (length-weighted edge angle against the nearest right angle, restricted to
#  edges already within 8 degrees of axis-aligned - the alley-cut corners are
#  real skew and were excluded rather than fought). The correction takes the
#  weighted mean deviation from -1.81 degrees to -0.04, about the same origin
#  the street grid uses, so the two stay agreeing everywhere rather than only
#  at the crossing itself.
# ============================================================================

1837.2,2168.9 1931.1,2169.9 1985.1,2170.6 1974.6,1375.4 1974.5,1365.3 1776.6,1362.7 1776.7,1372.8 1780.3,2078.4 1837.2,2168.9
684.8,781.5 684.6,735.7 654.1,736.1 654.3,781.8 684.8,781.5
686.9,976.2 687.7,947.1 634.7,964.0 643.3,990.0 686.9,976.2
717.8,983.4 717.5,913.0 699.3,913.1 699.5,989.1 717.8,983.4
736.0,977.6 735.7,912.7 717.5,913.0 717.8,983.4 736.0,977.6
960.7,1001.7 960.7,985.0 928.7,985.4 928.9,1002.1 928.9,1010.5 960.9,1010.1 960.7,1001.7
961.3,1057.0 961.1,1040.3 904.8,1040.9 904.8,1057.8 933.1,1057.4 961.3,1057.0
961.5,1090.7 961.4,1073.8 933.2,1074.2 933.4,1091.0 961.5,1090.7
827.9,1128.8 823.4,1113.2 761.9,1134.0 767.0,1149.3 772.0,1164.7 793.4,1157.5 832.3,1144.4 827.9,1128.8
900.7,1161.9 900.7,1145.1 853.4,1145.6 858.1,1162.3 900.7,1161.9
480.1,565.2 342.3,558.3 344.2,512.6 256.6,508.1 176.6,504.0 166.6,503.5 37.8,496.8 53.7,544.1 66.0,580.8 78.2,617.5 167.5,621.9 167.2,585.8 284.5,591.6 492.3,601.8 480.1,565.2
781.5,1212.6 776.4,1197.3 719.1,1216.7 724.2,1231.9 729.4,1247.3 737.1,1270.4 794.2,1251.2 786.6,1228.0 781.5,1212.6
763.3,1312.6 751.0,1312.0 757.2,1330.6 762.6,1330.9 763.3,1312.6
810.5,1303.0 803.0,1302.6 801.8,1333.0 809.3,1333.5 810.5,1303.0
568.0,1340.3 549.9,1339.2 549.7,1369.4 568.0,1370.5 568.0,1340.3
679.6,1278.2 680.1,1260.7 649.8,1258.9 649.4,1271.2 649.2,1276.6 656.5,1277.0 656.1,1289.8 666.7,1290.3 679.1,1291.1 679.6,1278.2
957.6,783.5 957.2,733.2 918.6,733.5 950.0,783.6 957.6,783.5
822.1,840.1 822.0,823.6 821.9,806.9 821.9,789.8 821.8,787.3 803.2,787.6 803.2,790.0 803.3,807.0 803.4,823.8 803.5,840.3 822.1,840.1
579.1,2117.2 578.9,2094.3 500.5,2092.8 500.7,2115.7 579.1,2117.2
623.3,1343.3 622.1,1343.3 621.8,1425.6 623.1,1425.5 641.3,1425.4 641.5,1344.4 623.3,1343.3
463.8,1724.0 499.9,1724.3 499.2,1676.9 437.8,1676.5 438.4,1723.8 463.8,1724.0
579.2,1472.7 578.9,1432.3 569.6,1432.5 558.8,1432.6 559.1,1472.8 579.2,1472.7
799.8,1387.8 775.9,1386.5 777.6,1391.8 822.0,1394.2 841.6,1395.2 840.1,1390.0 820.3,1388.9 812.8,1388.5 806.5,1388.2 799.8,1387.8
848.6,1355.7 834.4,1355.0 852.6,1414.0 860.6,1413.9 848.6,1355.7
730.9,1429.1 719.4,1429.2 719.5,1449.6 719.6,1471.2 731.2,1471.2 781.8,1470.7 780.8,1467.5 781.8,1467.6 775.6,1449.1 774.1,1444.4 731.0,1444.5 730.9,1429.1
939.6,2090.3 939.2,2047.2 897.6,2047.6 900.9,2089.9 939.6,2090.3
970.0,2090.4 969.6,2046.9 939.2,2047.2 939.6,2090.3 970.0,2090.4
970.5,2153.9 970.2,2110.5 901.5,2110.1 901.8,2115.6 900.6,2115.5 903.0,2153.4 970.5,2153.9
175.6,1603.8 228.8,1604.5 244.5,1604.8 334.9,1605.9 368.8,1586.0 376.3,1581.6 421.8,1582.0 421.9,1582.0 499.5,1582.5 499.5,1576.3 498.8,1473.4 498.6,1433.2 495.8,1433.0 480.5,1432.2 453.9,1430.8 250.4,1420.1 237.4,1334.5 173.2,1330.9 173.7,1377.0 173.8,1403.8 175.5,1603.8 175.6,1603.8
1183.6,781.4 1183.2,731.1 1163.1,731.2 1163.5,781.6 1183.6,781.4
1038.4,838.2 1038.0,787.8 1017.9,788.0 1018.3,838.3 1038.4,838.2
1083.7,837.7 1083.3,787.4 1063.1,787.6 1063.6,837.9 1083.7,837.7
1216.6,2155.4 1216.3,2112.1 1196.2,2112.0 1196.5,2155.3 1216.6,2155.4
1374.4,1643.6 1374.0,1610.3 1363.8,1610.4 1357.7,1610.5 1358.0,1643.8 1374.4,1643.6
1445.1,1707.6 1418.5,1665.3 1398.3,1665.5 1398.5,1690.7 1398.7,1715.8 1440.8,1715.4 1436.0,1707.7 1445.1,1707.6
1371.3,1841.9 1379.7,1841.8 1386.4,1841.8 1386.1,1809.7 1379.4,1809.8 1359.4,1810.0 1359.6,1842.0 1371.3,1841.9
1525.9,1910.9 1546.0,1910.7 1548.0,1910.7 1546.5,1860.3 1545.6,1860.4 1525.5,1860.6 1505.5,1860.7 1505.9,1911.1 1525.9,1910.9
1404.3,1841.5 1403.9,1791.3 1399.4,1791.3 1386.0,1791.4 1386.1,1809.7 1386.4,1841.8 1399.8,1841.6 1404.3,1841.5
1439.5,1785.9 1439.1,1735.6 1419.0,1735.7 1419.4,1786.1 1439.5,1785.9
1561.4,1910.5 1566.1,1910.5 1576.1,1910.4 1589.5,1910.3 1575.9,1888.8 1565.8,1872.5 1558.0,1860.3 1546.5,1860.3 1548.0,1910.7 1561.4,1910.5
1494.3,1544.3 1485.9,1531.2 1477.5,1518.3 1469.0,1505.3 1460.6,1492.3 1452.2,1479.3 1443.8,1466.3 1435.3,1453.3 1426.9,1440.3 1422.8,1433.9 1414.1,1420.5 1388.6,1437.1 1397.3,1450.5 1378.1,1462.9 1448.2,1574.3 1468.7,1560.9 1481.1,1580.0 1481.7,1580.8 1460.9,1594.3 1608.4,1822.3 1615.9,1817.4 1620.8,1814.2 1629.3,1808.7 1639.5,1802.1 1654.8,1792.1 1646.3,1779.1 1639.5,1768.5 1637.9,1766.2 1636.4,1763.8 1629.5,1753.2 1621.1,1740.1 1612.6,1727.1 1604.3,1714.2 1595.9,1701.1 1587.5,1688.1 1574.5,1668.2 1566.1,1655.2 1557.7,1642.3 1549.3,1629.2 1540.8,1616.2 1532.4,1603.2 1524.0,1590.2 1515.6,1577.2 1507.2,1564.3 1507.1,1564.2 1506.9,1563.9 1494.3,1544.3
1474.4,1448.5 1472.6,1368.8 1422.4,1368.3 1474.4,1448.5
1418.7,1589.8 1356.8,1491.5 1352.5,1484.8 1336.6,1484.9 1328.6,1485.1 1336.7,1497.7 1357.0,1530.1 1368.4,1548.1 1370.6,1551.6 1394.9,1590.1 1418.7,1589.8
1339.3,1462.4 1336.8,1454.6 1336.3,1452.9 1332.9,1443.9 1329.4,1436.3 1325.6,1428.8 1321.4,1421.6 1316.8,1414.6 1313.2,1409.6 1312.5,1408.7 1309.7,1405.1 1302.8,1396.7 1301.5,1403.9 1305.2,1409.8 1308.4,1414.8 1316.0,1426.8 1336.3,1459.1 1339.9,1464.8 1339.3,1462.4
1775.2,1208.9 1775.0,1156.1 1747.1,1156.3 1747.6,1209.0 1775.2,1208.9
1557.3,1210.1 1556.8,1157.3 1527.1,1157.5 1527.5,1210.3 1540.2,1210.2 1557.3,1210.1
1074.1,2213.1 1073.6,2160.0 1022.5,2159.4 1033.0,2205.1 1035.9,2204.6 1038.8,2204.6 1041.7,2204.9 1044.4,2205.7 1047.0,2207.0 1049.5,2208.8 1051.6,2210.4 1054.1,2211.5 1056.6,2212.4 1059.3,2212.9 1062.0,2213.0 1074.1,2213.1
1114.3,2286.8 1113.8,2233.7 1074.3,2233.3 1074.7,2286.3 1114.3,2286.8
1322.8,2259.0 1323.0,2251.3 1323.9,2243.7 1325.2,2236.2 1285.8,2235.8 1286.2,2288.8 1323.0,2289.3 1322.8,2259.0
1382.2,2229.9 1382.0,2208.3 1353.5,2208.4 1347.6,2230.0 1382.2,2229.9
1382.0,2208.3 1381.8,2168.7 1362.4,2168.3 1361.9,2174.4 1361.0,2180.5 1359.5,2186.5 1353.5,2208.4 1382.0,2208.3
986.5,2379.1 985.8,2348.4 920.7,2349.3 922.7,2379.8 986.5,2379.1
982.4,2215.0 982.2,2208.2 911.8,2208.9 912.2,2215.8 982.4,2215.0
1224.3,836.4 1223.9,786.1 1203.8,786.3 1183.6,786.4 1184.1,836.8 1204.2,836.6 1224.3,836.4
1269.4,836.0 1269.0,785.6 1249.0,785.9 1249.4,836.1 1269.4,836.0
1374.2,1347.4 1373.7,1287.0 1353.6,1287.2 1354.1,1347.2 1374.2,1347.4
1372.0,1085.7 1371.6,1035.4 1351.6,1035.7 1352.0,1086.0 1372.0,1085.7
1392.1,1085.5 1391.7,1035.2 1371.6,1035.4 1372.0,1085.7 1392.1,1085.5
1432.9,1155.5 1432.5,1105.1 1412.4,1105.4 1392.3,1105.7 1392.7,1155.9 1412.8,1155.7 1432.9,1155.5
1411.5,1000.1 1411.3,975.0 1391.2,974.9 1371.1,974.6 1351.0,974.5 1351.2,999.6 1371.3,999.9 1391.4,1000.0 1411.5,1000.1
1461.0,1348.6 1460.5,1286.0 1439.0,1286.2 1439.5,1348.3 1461.0,1348.6
1520.7,1280.2 1520.3,1229.9 1500.3,1230.1 1500.7,1280.5 1520.7,1280.2
1747.1,1156.3 1746.7,1103.5 1719.0,1103.6 1719.4,1156.4 1747.1,1156.3
1719.4,1156.4 1719.0,1103.6 1691.2,1103.7 1691.7,1156.6 1719.4,1156.4
849.7,1206.7 845.3,1191.1 787.2,1210.7 792.4,1226.1 849.7,1206.7
857.9,1236.1 853.8,1221.4 797.1,1240.5 801.9,1255.0 857.9,1236.1
902.8,1271.6 902.5,1237.2 879.2,1237.2 893.2,1287.5 903.0,1287.4 902.8,1271.6
921.4,1271.4 921.1,1237.1 902.5,1237.2 902.8,1271.6 921.4,1271.4
922.9,1271.3 922.6,1237.0 921.1,1237.1 921.4,1271.4 902.8,1271.6 903.0,1287.4 923.0,1287.2 922.9,1271.3
963.2,1286.8 962.8,1236.8 942.7,1236.9 943.1,1287.0 963.2,1286.8
962.3,1183.0 962.1,1166.2 934.6,1166.5 934.8,1183.3 962.3,1183.0
699.3,913.1 717.5,913.0 735.7,912.7 740.7,912.7 740.5,861.1 686.2,861.5 686.5,903.1 686.6,913.2 699.3,913.1
960.0,909.0 959.5,859.0 931.7,859.2 931.5,859.3 903.4,859.5 903.7,909.5 931.8,909.2 932.1,909.2 960.0,909.0
960.3,948.4 960.0,909.0 932.1,909.2 931.8,909.2 903.7,909.5 904.0,945.3 932.2,946.8 960.3,948.4
576.1,1928.8 607.9,1929.4 608.3,1879.1 574.8,1878.4 554.8,1878.1 554.3,1928.4 576.1,1928.8
576.9,1963.8 607.4,1964.5 607.9,1929.4 576.1,1928.8 554.3,1928.4 553.9,1963.4 576.9,1963.8
573.2,2021.8 578.2,2021.9 606.7,2022.4 607.4,1964.5 607.4,1964.5 576.9,1963.8 553.9,1963.4 553.3,2012.7 553.2,2021.4 573.2,2021.8
659.7,2023.5 659.7,1965.6 607.4,1964.5 607.4,1964.5 606.7,2022.4 659.7,2023.5
705.4,1881.1 705.5,1880.3 700.9,1873.2 700.8,1880.9 685.6,1880.6 685.0,1930.9 693.2,1931.1 736.7,1932.0 741.7,1932.0 773.9,1932.7 777.9,1932.8 778.4,1882.5 778.2,1882.5 767.8,1882.2 767.8,1883.4 751.7,1883.0 742.3,1882.9 705.4,1882.2 705.4,1881.1
574.9,1660.2 574.5,1598.5 555.9,1598.7 556.2,1660.3 564.4,1660.3 574.9,1660.2
649.6,1659.4 649.3,1597.7 630.5,1598.0 630.9,1659.6 649.6,1659.4
650.0,1659.4 658.9,1659.3 658.6,1597.6 649.3,1597.7 649.6,1659.4 650.0,1659.4
668.3,1659.3 667.9,1597.5 658.6,1597.6 658.9,1659.3 668.3,1659.3
842.5,1652.1 839.7,1642.0 836.7,1632.0 788.9,1631.9 794.7,1652.0 842.5,1652.1
847.3,1672.2 845.5,1664.2 844.2,1658.8 842.5,1652.1 794.7,1652.0 771.0,1651.9 771.1,1656.4 771.6,1672.0 847.3,1672.2
507.5,1724.3 506.8,1677.1 499.2,1676.9 499.9,1724.3 507.5,1724.3
579.8,1578.3 579.6,1538.0 559.5,1538.3 559.7,1578.5 579.8,1578.3
599.6,1532.8 599.3,1492.6 579.3,1492.8 579.6,1533.0 599.6,1532.8
624.7,1532.5 624.5,1492.3 604.4,1492.5 604.7,1532.8 624.7,1532.5
684.9,1531.9 684.7,1491.7 664.7,1491.9 664.9,1532.2 684.9,1531.9
788.7,938.8 772.4,938.0 772.5,967.1 783.0,967.0 788.7,966.8 788.8,966.8 788.7,938.8
870.7,943.4 842.6,941.8 842.7,966.2 899.0,965.5 898.9,944.9 870.7,943.4
692.0,991.5 686.9,976.2 643.3,990.0 648.5,1005.3 692.0,991.5
899.3,1002.4 899.2,985.7 842.8,986.4 842.8,1003.2 899.3,1002.4
928.9,1002.1 928.7,985.4 904.2,985.6 904.4,1002.4 904.4,1010.8 928.9,1010.5 928.9,1002.1
899.4,1010.9 899.3,1002.4 842.8,1003.2 842.9,1011.6 899.4,1010.9
900.5,1128.3 900.3,1111.4 844.1,1112.2 848.8,1128.9 900.5,1128.3
900.7,1145.1 900.5,1128.3 848.8,1128.9 853.4,1145.6 900.7,1145.1
853.8,1221.4 849.7,1206.7 792.4,1226.1 797.1,1240.5 853.8,1221.4
962.5,1199.8 962.3,1183.0 934.8,1183.3 934.3,1183.3 934.2,1183.3 934.4,1200.1 962.5,1199.8
923.4,1339.7 923.0,1292.2 894.6,1292.5 907.6,1338.8 923.4,1339.7
963.7,1341.9 963.3,1291.8 943.2,1292.1 943.6,1340.8 963.7,1341.9
927.5,1128.0 927.5,1111.2 905.3,1111.4 905.5,1128.2 905.7,1145.0 905.8,1161.8 927.9,1161.5 927.7,1144.7 927.7,1136.3 927.5,1128.0
961.1,1040.3 961.1,1035.3 960.9,1018.5 960.9,1010.1 928.9,1010.5 904.4,1010.8 904.6,1019.2 904.7,1035.9 904.8,1040.9 961.1,1040.3
686.6,913.2 686.5,903.1 621.1,923.7 623.1,929.7 627.8,943.7 664.7,932.0 685.9,925.4 686.6,913.2
754.0,912.6 771.2,912.5 771.1,898.8 770.9,860.7 740.5,861.1 740.7,912.7 754.0,912.6
822.4,900.6 822.2,888.4 791.1,888.6 791.2,898.7 791.1,900.8 822.4,900.6
898.6,902.3 898.4,859.5 870.4,859.9 870.1,859.9 842.2,860.1 842.4,902.8 870.3,902.5 870.5,902.5 898.6,902.3
898.8,920.6 898.6,902.3 870.5,902.5 870.3,902.5 842.4,902.8 842.5,921.1 870.3,920.8 870.6,920.8 898.8,920.6
556.2,1660.3 555.9,1598.7 537.2,1598.9 531.1,1598.9 531.9,1660.7 536.1,1660.6 537.5,1660.6 551.3,1660.5 556.2,1660.3
599.7,1659.9 599.3,1598.3 593.2,1598.3 574.5,1598.5 574.9,1660.2 592.8,1660.0 593.6,1660.0 599.7,1659.9
687.0,1659.0 686.6,1597.3 667.9,1597.5 668.3,1659.3 682.6,1659.1 687.0,1659.0
716.7,1658.3 716.9,1597.1 715.7,1597.0 701.9,1597.2 702.3,1658.7 715.3,1658.3 716.7,1658.3
851.1,1692.4 849.3,1682.3 847.3,1672.2 771.6,1672.0 772.2,1692.2 851.1,1692.4
855.1,1722.6 854.5,1716.5 853.7,1710.5 852.5,1701.4 851.1,1692.4 772.2,1692.2 773.2,1722.1 855.1,1722.6
422.3,1608.6 421.9,1582.0 421.8,1582.0 376.3,1581.6 368.8,1586.0 334.9,1605.9 244.5,1604.8 228.8,1604.5 175.6,1603.8 175.5,1603.8 176.3,1719.7 186.2,1719.9 196.7,1720.0 346.1,1722.9 378.5,1723.3 377.7,1676.0 430.9,1676.4 437.8,1676.5 499.2,1676.9 506.8,1677.1 506.6,1663.5 422.9,1662.8 422.3,1608.6
539.3,1533.4 539.1,1493.2 519.0,1493.4 519.3,1533.6 539.3,1533.4
559.4,1533.2 559.2,1493.0 539.1,1493.2 539.3,1533.4 559.4,1533.2
579.6,1533.0 579.3,1492.8 559.2,1493.0 559.4,1533.2 579.6,1533.0
644.8,1532.4 644.6,1492.1 624.5,1492.3 624.7,1532.5 644.8,1532.4
645.1,1577.7 644.9,1537.4 624.7,1537.6 625.0,1577.9 645.1,1577.7
943.8,1360.9 923.6,1359.9 924.1,1413.3 944.2,1413.2 943.8,1360.9
945.3,1539.0 945.2,1528.9 925.1,1529.0 925.1,1539.1 945.3,1539.0
891.2,1665.2 890.8,1614.9 890.6,1615.0 868.8,1615.1 871.8,1665.4 891.2,1665.2
898.0,1720.6 897.6,1670.2 872.1,1670.4 875.1,1720.7 875.1,1720.7 898.0,1720.6
968.0,1845.6 967.6,1795.4 947.5,1795.6 927.3,1795.7 927.5,1810.9 927.7,1846.1 947.9,1845.9 968.0,1845.6
948.4,1916.4 948.0,1866.0 927.9,1866.2 928.4,1916.5 948.4,1916.4
752.2,1798.1 751.8,1742.2 700.1,1741.9 700.4,1797.1 752.2,1798.1
780.8,1815.2 780.5,1742.3 751.8,1742.2 752.2,1798.1 752.2,1812.6 752.2,1815.0 780.8,1815.2
798.6,1942.3 869.0,1937.0 868.9,1934.6 865.0,1874.0 778.4,1872.3 778.4,1882.5 777.9,1932.8 773.9,1932.7 774.5,1942.9 798.6,1942.3
698.7,2024.2 693.2,1931.1 685.0,1930.9 660.1,1930.5 659.7,1965.6 659.7,2023.5 698.7,2024.2
779.4,2025.9 774.5,1942.9 773.9,1932.7 741.7,1932.0 736.7,1932.0 738.2,2013.9 738.3,2025.0 779.4,2025.9
928.7,1946.6 928.5,1921.5 888.2,1922.0 890.2,1952.4 914.1,1952.2 914.3,1972.0 928.9,1971.9 928.7,1946.6
969.6,2041.9 969.2,1991.6 929.0,1992.0 893.1,1992.3 896.6,2042.6 929.4,2042.3 969.6,2041.9
1074.4,897.5 1074.0,857.9 997.4,858.7 1022.1,898.1 1074.4,897.5
1144.9,951.7 1144.4,896.9 1120.1,897.2 1120.5,951.3 1144.9,951.7
1290.5,953.7 1290.1,900.1 1270.0,900.3 1249.9,900.5 1250.4,953.1 1270.4,953.3 1290.5,953.7
1330.7,954.2 1330.2,899.7 1310.2,900.0 1290.1,900.1 1290.5,953.7 1310.6,953.9 1330.7,954.2
1001.8,1090.1 1001.2,1039.8 981.2,1040.1 981.6,1090.4 1001.8,1090.1
1062.0,1089.4 1061.5,1039.1 1041.5,1039.4 1041.9,1089.7 1062.0,1089.4
1002.1,1135.5 1001.9,1110.2 981.8,1110.5 982.0,1135.6 1002.1,1135.5
1062.6,1159.9 1062.2,1109.5 1042.1,1109.8 1042.5,1160.2 1062.6,1159.9
1087.7,1159.6 1087.3,1109.2 1067.2,1109.5 1067.6,1159.8 1087.7,1159.6
1186.8,1158.4 1186.4,1108.1 1166.3,1108.3 1166.5,1127.1 1186.2,1158.4 1186.8,1158.4
1247.0,1157.7 1246.6,1107.4 1226.5,1107.6 1227.0,1157.9 1247.0,1157.7
1022.4,1160.3 1022.1,1135.2 1002.1,1135.5 982.0,1135.6 982.2,1160.8 1002.3,1160.6 1022.4,1160.3
1088.1,1215.9 1087.8,1164.6 1067.6,1164.8 1068.1,1216.1 1088.1,1215.9
1128.4,1215.8 1127.9,1164.2 1107.8,1164.3 1108.2,1215.9 1128.4,1215.8
1010.1,1216.4 1009.9,1193.2 1002.6,1193.3 982.5,1193.5 982.7,1216.6 1002.8,1216.4 1010.1,1216.4
1063.7,1286.6 1063.2,1236.2 1043.2,1236.3 1043.6,1286.6 1063.7,1286.6
1128.8,1266.3 1128.5,1235.9 1108.4,1236.0 1108.6,1266.5 1128.8,1266.3
1148.9,1266.3 1148.6,1235.7 1128.5,1235.9 1128.8,1266.3 1148.9,1266.3
1023.3,1267.0 1023.0,1236.5 1004.7,1236.6 1005.1,1267.0 1005.2,1286.8 1023.5,1286.8 1023.3,1267.0
1005.7,1342.7 1005.3,1291.9 1003.4,1291.9 983.4,1292.0 983.8,1342.4 1003.9,1342.6 1005.7,1342.7
1044.1,1343.2 1043.6,1291.7 1023.5,1291.8 1024.0,1343.0 1044.1,1343.2
1003.3,1286.9 1005.2,1286.8 1005.1,1267.0 1004.7,1236.6 1002.9,1236.5 982.8,1236.7 983.2,1267.1 983.3,1287.0 1003.3,1286.9
1206.9,1158.1 1227.0,1157.9 1226.5,1107.6 1206.5,1107.8 1186.4,1108.1 1186.8,1158.4 1206.9,1158.1
1271.1,1023.8 1270.7,973.5 1250.6,973.2 1251.0,1023.6 1271.1,1023.8
1291.2,1024.1 1290.7,973.8 1270.7,973.5 1271.1,1023.8 1291.2,1024.1
1271.6,1087.0 1271.2,1036.6 1251.1,1036.9 1251.5,1087.2 1271.6,1087.0
599.9,1578.1 599.6,1537.9 579.6,1538.0 579.8,1578.3 599.9,1578.1
625.0,1577.9 624.7,1537.6 604.7,1537.8 605.0,1578.0 625.0,1577.9
897.4,1468.9 897.0,1418.6 892.9,1418.7 876.4,1418.8 876.8,1469.2 893.4,1469.0 897.4,1468.9
839.7,1529.8 839.4,1489.6 821.6,1489.7 821.8,1490.3 812.3,1490.4 825.5,1530.0 839.7,1529.8
965.3,1528.7 965.0,1488.5 944.8,1488.6 945.2,1528.9 965.3,1528.7
920.1,1539.2 920.1,1529.1 899.9,1529.3 900.0,1539.3 920.1,1539.2
945.7,1594.3 945.3,1544.0 925.2,1544.1 925.6,1594.5 945.7,1594.3
965.8,1594.1 965.4,1543.8 945.3,1544.0 945.7,1594.3 965.8,1594.1
927.5,1810.9 927.3,1795.7 907.2,1795.9 880.2,1796.1 881.1,1811.4 907.4,1811.2 927.5,1810.9
884.0,1846.5 907.7,1846.2 927.7,1846.1 927.5,1810.9 907.4,1811.2 881.1,1811.4 883.1,1841.9 883.7,1841.9 884.0,1846.5
864.6,1867.9 862.4,1833.8 801.5,1832.6 803.7,1866.7 864.6,1867.9
874.9,2027.7 869.0,1937.0 798.6,1942.3 807.4,2026.4 874.9,2027.7
927.2,1775.4 927.1,1760.2 906.9,1760.4 877.9,1760.7 878.8,1775.9 907.1,1775.7 927.2,1775.4
969.0,1971.4 968.8,1946.3 928.7,1946.6 928.9,1971.9 969.0,1971.4
649.0,1725.5 650.0,1659.4 649.6,1659.4 630.9,1659.6 621.1,1659.7 620.7,1725.3 649.0,1725.5
771.6,1672.0 771.1,1656.4 755.2,1657.3 753.7,1657.4 716.7,1658.3 715.3,1658.3 714.1,1721.9 773.2,1722.1 772.2,1692.2 771.6,1672.0
914.3,1972.0 914.1,1952.2 890.2,1952.4 891.4,1972.2 914.3,1972.0
1204.8,905.4 1204.3,856.7 1184.2,856.9 1184.7,905.4 1204.8,905.4
1018.9,949.9 978.6,886.0 979.1,948.8 1018.9,949.9
1041.0,985.0 1040.3,984.0 1020.9,984.3 1021.1,1009.4 1041.2,1009.1 1056.0,1009.0 1041.0,985.0
1205.8,1022.9 1205.4,972.6 1185.3,972.4 1185.7,1022.7 1205.8,1022.9
1041.9,1089.7 1041.5,1039.4 1021.4,1039.6 1021.8,1089.9 1041.9,1089.7
1063.0,1216.1 1062.6,1164.9 1042.5,1165.2 1043.0,1216.2 1063.0,1216.1
1149.0,1286.1 1148.9,1266.3 1128.8,1266.3 1108.6,1266.5 1108.8,1286.3 1128.9,1286.1 1149.0,1286.1
1064.1,1343.4 1063.7,1291.6 1043.6,1291.7 1044.1,1343.2 1064.1,1343.4
1291.7,1086.7 1291.2,1036.3 1271.2,1036.6 1271.6,1087.0 1291.7,1086.7
1311.7,1086.4 1311.3,1036.2 1291.2,1036.3 1291.7,1086.7 1311.7,1086.4
1150.5,1466.5 1150.1,1416.3 1130.0,1416.4 1130.4,1466.8 1150.5,1466.5
1025.0,1467.8 1024.5,1417.4 1004.5,1417.6 1004.7,1442.8 1004.9,1467.9 1025.0,1467.8
1110.4,1466.9 1109.9,1416.6 1106.6,1416.6 1107.0,1466.9 1110.4,1466.9
1211.2,1511.3 1211.0,1486.1 1190.9,1486.3 1170.8,1486.5 1171.0,1511.7 1191.1,1511.4 1211.2,1511.3
1005.5,1538.4 1005.4,1528.3 985.3,1528.5 985.4,1538.5 1005.5,1538.4
1025.6,1538.2 1025.5,1528.1 1005.4,1528.3 1005.5,1538.4 1025.6,1538.2
1045.7,1537.9 1045.7,1527.9 1025.5,1528.1 1025.6,1538.2 1045.7,1537.9
1111.0,1537.4 1110.9,1527.3 1090.8,1527.5 1090.9,1537.6 1111.0,1537.4
1066.2,1593.1 1065.8,1542.9 1045.8,1543.0 1035.7,1543.1 1036.1,1593.5 1046.2,1593.4 1066.2,1593.1
1089.5,1593.0 1089.1,1542.6 1070.8,1542.7 1071.3,1593.1 1089.5,1593.0
1066.9,1663.6 1066.4,1613.2 1046.4,1613.5 1046.8,1663.7 1066.9,1663.6
1027.1,1719.3 1026.7,1669.0 1006.7,1669.2 986.6,1669.3 987.0,1719.7 1007.1,1719.5 1027.1,1719.3
1232.5,1662.0 1232.1,1611.7 1212.1,1611.9 1212.5,1662.2 1232.5,1662.0
1252.6,1661.8 1252.2,1611.5 1232.1,1611.7 1232.5,1662.0 1252.6,1661.8
1338.4,1716.4 1338.0,1666.0 1318.0,1666.3 1297.9,1666.5 1277.8,1666.6 1278.2,1717.0 1298.3,1716.8 1318.4,1716.5 1338.4,1716.4
1007.7,1790.0 1007.2,1739.6 987.1,1739.8 987.5,1790.1 1007.7,1790.0
1093.0,1789.2 1092.6,1738.8 1072.5,1739.0 1072.9,1789.3 1093.0,1789.2
1008.1,1845.3 1007.7,1795.0 987.6,1795.1 988.0,1845.5 1008.1,1845.3
1093.5,1844.5 1093.1,1794.2 1073.0,1794.3 1073.4,1844.7 1093.5,1844.5
1153.7,1843.9 1153.3,1793.6 1133.2,1793.8 1113.2,1794.0 1113.6,1844.3 1133.7,1844.1 1153.7,1843.9
1048.9,1915.3 1048.5,1865.1 1028.4,1865.3 1028.8,1915.6 1048.9,1915.3
1109.2,1914.8 1108.8,1864.5 1093.6,1864.6 1073.5,1864.8 1074.0,1915.1 1094.1,1915.0 1109.2,1914.8
1193.4,1788.2 1193.0,1737.9 1173.0,1738.1 1173.4,1788.4 1193.4,1788.2
1319.0,1787.0 1318.6,1736.7 1298.5,1736.9 1298.9,1787.2 1319.0,1787.0
1194.0,1843.6 1193.4,1793.2 1173.4,1793.4 1173.8,1843.7 1194.0,1843.6
1299.3,1842.5 1298.9,1792.3 1278.8,1792.4 1258.8,1792.6 1259.2,1842.9 1279.3,1842.8 1299.3,1842.5
1320.0,1912.8 1340.1,1912.6 1339.7,1862.3 1319.6,1862.5 1299.5,1862.7 1299.9,1913.0 1320.0,1912.8
1114.4,1942.6 1114.2,1919.8 1094.1,1920.0 1094.5,1970.3 1114.6,1970.1 1114.4,1942.6
1215.1,1969.1 1214.7,1918.9 1174.5,1919.2 1174.9,1969.5 1215.1,1969.1
672.0,1139.3 665.7,1120.3 608.5,1141.4 614.9,1160.4 672.0,1139.3
245.6,910.6 169.8,906.8 161.7,906.3 95.9,903.0 94.0,903.0 94.0,903.0 94.6,974.2 170.4,978.1 246.1,981.9 245.6,910.6
763.8,1300.4 746.8,1299.6 751.0,1312.0 763.3,1312.6 763.8,1300.4
772.9,1301.0 763.8,1300.4 763.3,1312.6 762.6,1330.9 771.7,1331.5 772.9,1301.0
874.5,1295.3 869.6,1295.1 882.7,1337.5 886.4,1337.7 874.5,1295.3
694.4,1205.9 689.8,1192.4 688.2,1187.7 645.7,1202.0 647.5,1206.7 651.1,1216.4 694.4,1205.9
719.3,1280.5 679.6,1278.2 679.1,1291.1 684.9,1291.4 705.9,1292.6 723.7,1293.5 719.3,1280.5
703.3,1232.7 702.9,1231.3 650.6,1231.7 650.0,1249.9 709.9,1252.6 703.3,1232.7
729.4,1310.9 724.8,1297.1 703.5,1295.9 684.8,1294.8 684.1,1326.5 704.8,1327.8 735.7,1329.4 729.4,1310.9
760.9,787.9 760.9,785.4 760.8,768.9 760.7,752.1 760.7,735.0 704.6,735.6 704.7,752.6 704.7,769.4 704.8,785.9 704.8,788.4 742.2,788.1 760.9,787.9
742.4,840.9 742.3,824.3 742.3,807.6 742.2,790.6 742.2,788.1 704.8,788.4 704.9,790.9 704.9,807.9 705.0,824.6 705.1,841.2 742.4,840.9
803.5,840.3 803.4,823.8 803.3,807.0 803.2,790.0 765.9,790.3 766.0,807.3 766.0,824.2 766.1,840.7 803.5,840.3
658.3,715.9 658.1,667.1 633.4,667.3 633.7,716.1 658.3,715.9
258.5,1922.6 259.0,1879.9 259.3,1849.8 259.7,1822.0 176.9,1820.3 177.5,1921.0 258.5,1922.6
579.1,2117.2 686.3,2119.3 685.7,2039.2 615.1,2037.9 615.5,2094.9 578.9,2094.3 579.1,2117.2
482.5,1335.4 455.9,1333.9 455.7,1339.1 455.2,1364.4 481.9,1365.9 482.5,1335.4
766.6,1543.8 772.4,1542.3 804.0,1534.1 798.1,1516.2 760.1,1526.3 760.7,1545.3 766.6,1543.8
798.1,1516.2 790.6,1493.8 789.3,1493.7 788.3,1490.7 755.5,1491.1 755.7,1527.5 760.1,1526.3 798.1,1516.2
539.0,1473.0 538.7,1432.8 518.7,1432.9 512.6,1433.1 508.6,1433.1 508.8,1473.4 518.9,1473.3 539.0,1473.0
599.3,1472.4 599.0,1432.2 578.9,1432.3 579.2,1472.7 599.3,1472.4
684.8,1403.4 684.8,1390.5 673.4,1390.2 673.3,1402.7 684.8,1403.4
749.1,1424.1 767.3,1424.1 764.5,1416.0 764.4,1415.4 762.3,1409.1 760.1,1402.6 758.0,1396.3 755.3,1388.4 753.2,1382.1 750.7,1374.3 746.7,1362.5 744.3,1355.3 742.5,1350.0 728.8,1349.2 704.7,1347.9 691.2,1347.1 691.2,1359.5 691.1,1371.1 691.2,1378.7 691.2,1384.8 691.2,1392.6 691.2,1398.7 691.2,1403.7 691.2,1405.1 691.2,1411.3 691.1,1411.9 691.2,1424.2 749.1,1424.1
788.5,1352.5 764.1,1351.2 766.5,1358.2 787.9,1359.4 788.5,1352.5
787.9,1359.4 766.5,1358.2 770.0,1368.8 787.1,1369.8 787.9,1359.4
814.2,1353.9 807.9,1353.5 806.5,1388.2 812.8,1388.5 814.2,1353.9
761.2,1151.3 756.1,1135.9 727.4,1145.6 732.5,1161.0 737.6,1176.3 708.9,1186.0 714.0,1201.3 719.1,1216.7 776.4,1197.3 771.3,1182.0 766.2,1166.6 761.2,1151.3
666.2,1307.9 648.1,1307.0 647.6,1324.6 665.9,1325.5 666.2,1307.9
673.5,1346.1 672.0,1346.0 671.9,1378.6 673.4,1378.6 673.5,1346.1
686.3,1390.4 686.3,1378.9 673.4,1378.6 673.4,1390.2 684.8,1390.5 686.3,1390.4
492.3,520.3 486.1,520.0 502.5,568.7 572.1,552.5 585.1,549.5 576.8,524.6 572.2,524.4 492.3,520.3
276.9,2023.6 276.9,2016.0 338.9,2017.2 499.6,2020.3 500.7,1927.3 501.2,1884.6 380.1,1882.3 259.0,1879.9 258.5,1922.6 177.5,1921.0 177.6,1931.6 178.1,2021.7 276.9,2023.6
685.3,1830.3 684.8,1741.8 684.9,1740.0 684.8,1735.8 571.5,1735.3 463.8,1734.7 192.8,1733.2 180.6,1733.1 176.3,1733.1 176.4,1747.8 176.4,1758.3 176.5,1764.9 176.9,1820.3 259.7,1822.0 259.3,1849.8 259.0,1879.9 380.1,1882.3 501.2,1884.6 501.3,1877.0 531.7,1877.6 554.8,1878.1 574.8,1878.4 574.7,1868.4 685.6,1870.5 685.3,1830.3
822.5,1445.7 795.2,1444.3 799.4,1456.7 803.8,1469.9 822.7,1469.7 822.6,1458.0 822.5,1445.7
801.1,1353.2 788.5,1352.5 787.9,1359.4 787.1,1369.8 800.4,1370.5 801.1,1353.2
1771.0,705.9 1769.6,553.2 1378.2,549.2 968.0,544.8 969.4,713.0 1328.6,709.7 1348.8,709.4 1373.8,709.2 1771.0,705.9
1223.8,781.1 1223.3,730.7 1203.3,730.9 1203.7,781.3 1223.8,781.1
1018.3,838.3 1017.9,788.0 997.8,788.2 998.3,838.5 1018.3,838.3
1058.6,837.9 1058.1,787.7 1038.0,787.8 1038.4,838.2 1058.6,837.9
1156.4,2155.0 1156.0,2111.7 1136.0,2111.6 1136.3,2154.9 1156.4,2155.0
1342.2,2156.2 1341.8,2113.0 1321.7,2112.8 1322.2,2156.1 1342.2,2156.2
1379.4,1809.8 1386.1,1809.7 1386.0,1791.4 1379.3,1791.5 1369.7,1791.6 1359.2,1791.7 1359.4,1810.0 1379.4,1809.8
1440.0,1841.2 1439.5,1790.9 1420.7,1791.1 1421.1,1841.5 1440.0,1841.2
1400.4,1912.0 1400.0,1861.7 1379.9,1862.0 1380.3,1912.2 1400.4,1912.0
1440.5,1911.7 1440.1,1861.4 1420.1,1861.5 1420.5,1911.9 1440.5,1911.7
1505.9,1911.1 1505.5,1860.7 1500.6,1860.8 1501.0,1911.1 1505.9,1911.1
1367.3,1716.1 1378.7,1716.0 1398.7,1715.8 1398.5,1690.7 1398.3,1665.5 1378.3,1665.7 1365.7,1665.8 1358.2,1665.9 1358.4,1691.0 1358.6,1716.2 1367.3,1716.1
1507.0,1536.0 1498.6,1523.0 1490.2,1510.0 1481.7,1497.0 1473.4,1484.0 1465.0,1471.0 1456.6,1458.0 1448.1,1445.0 1439.7,1432.0 1435.6,1425.6 1422.8,1433.9 1426.9,1440.3 1435.3,1453.3 1443.8,1466.3 1452.2,1479.3 1460.6,1492.3 1469.0,1505.3 1477.5,1518.3 1485.9,1531.2 1494.3,1544.3 1506.9,1563.9 1507.1,1564.2 1507.2,1564.3 1515.6,1577.2 1524.0,1590.2 1532.4,1603.2 1540.8,1616.2 1549.3,1629.2 1557.7,1642.3 1566.1,1655.2 1574.5,1668.2 1587.5,1688.1 1595.9,1701.1 1604.3,1714.2 1612.6,1727.1 1621.1,1740.1 1629.5,1753.2 1636.4,1763.8 1637.9,1766.2 1639.5,1768.5 1646.3,1779.1 1654.8,1792.1 1639.5,1802.1 1629.3,1808.7 1620.8,1814.2 1615.9,1817.4 1608.4,1822.3 1607.4,1822.9 1706.8,1980.6 1704.2,1957.7 1683.8,1773.2 1683.7,1771.8 1674.3,1686.6 1657.2,1660.1 1649.7,1648.3 1636.8,1628.3 1591.7,1558.0 1585.2,1547.8 1578.6,1537.6 1569.7,1523.6 1548.9,1537.1 1537.5,1544.5 1519.9,1555.9 1507.0,1536.0
1576.2,1839.9 1520.3,1751.2 1503.2,1762.1 1552.3,1840.2 1576.2,1839.9
1620.3,1910.0 1588.7,1860.0 1575.7,1860.0 1565.7,1860.2 1561.0,1860.2 1558.0,1860.3 1565.8,1872.5 1575.9,1888.8 1589.5,1910.3 1620.3,1910.0
1468.1,1210.6 1467.7,1157.8 1458.4,1157.8 1437.9,1157.9 1438.4,1210.8 1468.1,1210.6
1497.8,1210.5 1497.4,1157.6 1467.7,1157.8 1468.1,1210.6 1497.8,1210.5
1527.1,1157.5 1526.6,1104.6 1496.9,1104.8 1497.4,1157.6 1527.1,1157.5
932.2,946.8 904.0,945.3 904.0,965.5 960.5,964.9 960.3,948.4 932.2,946.8
654.3,781.8 654.1,736.1 558.7,737.0 593.9,842.3 685.0,841.4 684.8,781.5 654.3,781.8
754.3,971.9 754.0,912.6 740.7,912.7 735.7,912.7 736.0,977.6 754.3,971.9
899.6,1038.5 899.6,1036.0 899.4,1019.3 899.4,1010.9 842.9,1011.6 842.9,1019.9 843.0,1036.7 843.0,1039.2 899.6,1038.5
876.2,1091.7 876.2,1074.9 843.0,1075.3 843.1,1092.0 876.2,1091.7
841.0,1175.5 838.7,1167.7 801.1,1180.4 779.7,1187.7 782.1,1195.3 787.2,1210.7 845.3,1191.1 841.0,1175.5
901.0,1183.6 900.9,1166.9 859.6,1167.3 864.1,1183.9 901.0,1183.6
901.1,1200.3 901.0,1183.6 864.1,1183.9 868.8,1200.6 901.1,1200.3
901.3,1217.0 901.1,1200.3 868.8,1200.6 873.5,1217.1 901.3,1217.0
962.6,1216.7 962.5,1199.8 934.4,1200.1 934.5,1216.9 962.6,1216.7
862.0,1250.8 857.9,1236.1 801.9,1255.0 806.7,1269.5 807.6,1272.3 869.0,1275.6 862.0,1250.8
962.0,1144.4 961.9,1136.0 927.7,1136.3 927.7,1144.7 927.9,1161.5 962.1,1161.2 962.0,1144.4
900.2,1091.3 900.0,1074.6 876.2,1074.9 876.2,1091.7 900.2,1091.3
791.2,898.7 791.1,888.6 791.0,860.6 770.9,860.7 771.1,898.8 791.2,898.7
791.2,898.7 771.1,898.8 771.2,912.5 772.3,912.4 772.4,921.1 822.4,920.7 822.4,900.6 791.1,900.8 791.2,898.7
822.4,920.7 772.4,921.1 772.4,938.0 788.7,938.8 797.6,939.4 822.5,940.7 822.4,920.7
531.2,1927.9 554.3,1928.4 554.8,1878.1 531.7,1877.6 501.3,1877.0 501.2,1884.6 500.7,1927.3 531.2,1927.9
659.7,1965.6 660.1,1930.5 685.0,1930.9 685.6,1880.6 622.6,1879.3 621.7,1879.4 608.3,1879.1 607.9,1929.4 607.4,1964.5 659.7,1965.6
700.1,1515.7 721.4,1515.7 721.2,1491.4 699.9,1491.6 695.1,1491.6 695.3,1515.8 700.1,1515.7
755.5,1491.1 721.2,1491.4 721.4,1515.7 721.5,1536.0 721.5,1536.6 729.8,1536.6 729.9,1543.3 730.1,1553.3 760.7,1545.3 760.1,1526.3 755.7,1527.5 755.5,1491.1
630.9,1659.6 630.5,1598.0 611.9,1598.1 612.3,1659.8 621.1,1659.7 630.9,1659.6
834.0,1623.8 816.2,1570.3 788.5,1582.0 780.1,1585.3 771.5,1588.2 762.8,1590.7 754.1,1592.9 753.7,1657.4 755.2,1657.3 771.1,1656.4 771.0,1651.9 794.7,1652.0 788.9,1631.9 836.7,1632.0 834.0,1623.8
438.4,1723.8 437.8,1676.5 430.9,1676.4 377.7,1676.0 378.5,1723.3 438.4,1723.8
721.5,1536.0 721.4,1515.7 700.1,1515.7 695.3,1515.8 695.4,1536.6 695.4,1543.3 700.3,1543.3 729.9,1543.3 729.8,1536.6 721.5,1536.6 721.5,1536.0
539.6,1578.7 539.4,1538.4 519.4,1538.6 519.6,1578.9 539.6,1578.7
664.9,1532.2 664.7,1491.9 644.6,1492.1 644.8,1532.4 664.9,1532.2
665.2,1577.4 665.0,1537.2 644.9,1537.4 645.1,1577.7 665.2,1577.4
963.9,1362.1 943.8,1360.9 944.2,1413.2 964.2,1413.0 963.9,1362.1
875.3,1469.1 876.8,1469.2 876.4,1418.8 874.9,1418.9 852.8,1419.1 853.1,1459.6 853.2,1469.3 875.3,1469.1
859.8,1529.7 859.5,1489.4 839.4,1489.6 839.7,1529.8 859.8,1529.7
920.1,1529.1 919.7,1488.8 899.6,1489.0 899.9,1529.3 920.1,1529.1
839.8,1539.9 839.7,1529.8 825.5,1530.0 828.8,1540.0 839.8,1539.9
859.9,1539.8 859.8,1529.7 839.7,1529.8 839.8,1539.9 859.9,1539.8
884.1,1594.9 883.6,1544.5 864.6,1544.7 867.6,1595.0 884.1,1594.9
921.3,1665.0 920.8,1614.6 900.7,1614.8 901.1,1665.1 921.3,1665.0
921.7,1720.3 921.3,1670.0 901.2,1670.1 897.6,1670.2 898.0,1720.6 901.6,1720.5 921.7,1720.3
946.8,1720.1 946.3,1669.8 926.3,1669.9 926.7,1720.3 946.8,1720.1
968.6,1916.1 968.1,1865.8 948.0,1866.0 948.4,1916.4 968.6,1916.1
966.3,1649.0 966.0,1614.3 945.9,1614.4 925.9,1614.6 926.1,1649.3 946.2,1649.2 966.3,1649.0
800.5,1815.3 800.3,1813.1 798.4,1783.9 795.8,1742.3 780.5,1742.3 780.8,1815.2 800.5,1815.3
751.8,1871.7 751.9,1868.4 751.8,1865.6 751.9,1862.3 752.3,1831.6 742.8,1831.4 700.6,1830.6 700.9,1873.2 705.5,1880.3 705.4,1881.1 742.2,1881.7 742.3,1882.9 751.7,1883.0 751.8,1871.7
738.3,2025.0 738.2,2013.9 736.7,1932.0 693.2,1931.1 698.7,2024.2 738.3,2025.0
862.4,1833.8 861.3,1815.7 859.3,1785.1 798.4,1783.9 800.3,1813.1 800.5,1815.3 801.5,1832.6 862.4,1833.8
927.3,1790.7 927.2,1775.4 907.1,1775.7 878.8,1775.9 879.9,1791.1 907.2,1790.9 927.3,1790.7
919.6,1468.7 919.2,1418.4 897.0,1418.6 897.4,1468.9 919.6,1468.7
798.5,1172.8 793.4,1157.5 772.0,1164.7 777.1,1180.0 779.7,1187.7 801.1,1180.4 798.5,1172.8
1144.4,896.9 1144.1,857.3 1104.6,857.7 1104.8,897.3 1120.1,897.2 1144.4,896.9
1185.1,952.2 1184.7,905.4 1164.6,905.5 1165.0,951.9 1185.1,952.2
1225.2,952.7 1224.8,905.3 1204.8,905.4 1205.1,952.5 1225.2,952.7
1330.2,899.7 1329.9,855.6 1309.8,855.7 1289.7,855.9 1290.1,900.1 1310.2,900.0 1330.2,899.7
1111.6,971.3 1111.5,961.2 1061.6,960.6 1068.0,970.8 1100.0,1021.5 1125.4,1021.8 1145.5,1022.1 1145.3,991.0 1125.2,990.7 1111.8,990.6 1111.6,971.3
1125.2,990.7 1145.3,991.0 1145.1,971.8 1145.0,961.7 1111.5,961.2 1111.6,971.3 1111.8,990.6 1125.2,990.7
1061.4,1017.4 1056.0,1009.0 1041.2,1009.1 1021.1,1009.4 1001.0,1009.7 981.0,1009.8 981.2,1035.1 1001.2,1034.8 1021.3,1034.5 1041.4,1034.4 1061.5,1034.1 1061.4,1017.4
1146.1,1088.4 1145.6,1038.1 1125.6,1038.3 1125.7,1062.3 1142.2,1088.5 1146.1,1088.4
1043.0,1216.2 1042.5,1165.2 1022.4,1165.4 1022.9,1216.4 1043.0,1216.2
1148.5,1215.6 1148.0,1163.9 1127.9,1164.2 1128.4,1215.8 1148.5,1215.6
1024.0,1343.0 1023.5,1291.8 1005.3,1291.9 1005.7,1342.7 1024.0,1343.0
1109.3,1344.1 1108.9,1291.3 1088.8,1291.5 1089.3,1343.7 1109.3,1344.1
1129.4,1344.3 1129.0,1291.2 1108.9,1291.3 1109.3,1344.1 1129.4,1344.3
1311.2,1024.4 1310.8,974.0 1290.7,973.8 1291.2,1024.1 1311.2,1024.4
1331.8,1086.3 1331.4,1035.9 1311.3,1036.2 1311.7,1086.4 1331.8,1086.3
1272.2,1157.4 1271.8,1107.1 1251.6,1107.3 1252.1,1157.6 1272.2,1157.4
1312.4,1156.9 1311.9,1106.5 1291.9,1106.8 1292.3,1157.1 1312.4,1156.9
86.8,1928.0 92.4,1928.2 177.6,1931.6 177.5,1921.0 176.9,1820.3 176.5,1764.9 176.4,1758.3 166.4,1764.5 159.1,1772.4 155.0,1778.9 152.1,1788.4 148.0,1801.4 145.7,1811.8 141.8,1823.5 139.5,1832.5 135.9,1841.3 128.9,1854.5 124.2,1862.7 119.2,1870.6 110.5,1879.9 99.5,1889.9 94.0,1899.4 89.7,1911.2 84.5,1928.0 86.8,1928.0
504.6,638.5 296.8,628.2 167.5,621.9 78.2,617.5 90.5,654.2 98.0,676.5 104.6,696.3 105.9,700.2 132.9,701.6 150.3,702.4 168.2,703.3 175.9,703.7 324.5,711.0 462.6,717.8 470.4,718.3 471.4,673.0 516.8,675.2 504.6,638.5
541.7,1265.2 496.2,1262.6 494.5,1310.7 494.4,1315.9 540.0,1318.5 540.8,1294.0 540.9,1289.7 541.7,1265.2
492.3,601.8 284.5,591.6 167.2,585.8 167.5,621.9 296.8,628.2 504.6,638.5 492.3,601.8
469.6,921.8 245.7,910.6 245.6,910.6 246.1,981.9 246.2,981.9 386.5,988.9 570.2,998.2 625.8,1001.0 601.6,928.4 570.6,926.9 469.6,921.8
633.4,667.3 658.1,667.1 684.3,666.8 704.4,666.6 730.0,666.4 754.1,666.2 778.2,666.0 790.4,665.8 802.5,665.7 826.6,665.5 841.9,665.4 827.6,639.7 813.8,613.9 800.4,587.7 787.6,561.4 775.0,534.9 576.8,524.6 585.1,549.5 624.6,667.4 633.4,667.3
462.6,717.8 324.5,711.0 175.9,703.7 168.2,703.3 150.3,702.4 132.9,701.6 105.9,700.2 134.3,791.7 137.4,802.1 140.7,812.7 143.6,812.9 154.4,813.4 169.1,814.1 175.5,814.4 271.0,819.1 270.3,747.4 270.3,738.2 472.7,748.1 462.6,717.8
699.5,989.1 699.3,913.1 686.6,913.2 685.9,925.4 687.7,947.1 686.9,976.2 692.0,991.5 699.5,989.1
809.3,1296.9 794.2,1251.2 737.1,1270.4 744.7,1293.3 809.3,1296.9
780.4,1301.3 772.9,1301.0 771.7,1331.5 779.2,1331.8 780.4,1301.3
795.5,1302.2 791.7,1302.0 790.5,1332.5 794.3,1332.7 801.8,1333.0 803.0,1302.6 795.5,1302.2
870.4,1280.7 865.1,1280.3 869.6,1295.1 874.5,1295.3 870.4,1280.7
656.5,1277.0 649.2,1276.6 648.8,1289.4 656.1,1289.8 656.5,1277.0
866.7,1320.7 859.4,1294.5 851.1,1294.1 832.7,1293.1 846.3,1335.4 864.5,1336.5 868.7,1336.8 866.7,1320.7
865.1,1280.3 846.4,1279.1 827.7,1277.8 832.7,1293.1 851.1,1294.1 859.4,1294.5 869.6,1295.1 865.1,1280.3
869.6,1295.1 859.4,1294.5 866.7,1320.7 868.7,1336.8 882.7,1337.5 869.6,1295.1
884.7,737.0 882.8,733.9 841.7,734.3 841.9,784.6 914.3,783.9 884.7,737.0
949.0,838.9 917.4,788.9 842.0,789.6 842.2,840.0 949.0,838.9
763.6,840.7 766.1,840.7 766.0,824.2 766.0,807.3 765.9,790.3 803.2,790.0 803.2,787.6 803.2,785.0 803.1,768.5 803.0,751.8 803.0,734.7 765.7,735.0 763.2,735.0 760.7,735.0 760.7,752.1 760.8,768.9 760.9,785.4 760.9,787.9 760.9,790.4 761.0,807.4 761.0,824.2 761.0,840.7 763.6,840.7
277.8,2152.2 277.6,2123.8 277.4,2088.4 178.6,2086.5 178.8,2118.8 178.9,2151.3 277.8,2152.2
684.8,1403.4 673.3,1402.7 673.2,1425.0 684.8,1424.9 686.3,1424.9 686.3,1403.4 684.8,1403.4
535.4,2078.4 535.1,2036.3 500.1,2035.6 500.4,2077.7 535.4,2078.4
579.1,2117.2 500.7,2115.7 500.5,2092.8 376.2,2090.4 376.4,2128.7 376.6,2153.1 579.4,2155.1 579.1,2117.2
657.5,1345.2 641.5,1344.4 641.3,1425.4 657.3,1425.2 671.7,1425.1 673.2,1425.0 673.3,1402.7 673.4,1390.2 673.4,1378.6 671.9,1378.6 672.0,1346.0 657.5,1345.2
559.1,1472.8 558.8,1432.6 549.5,1432.7 538.7,1432.8 539.0,1473.0 559.1,1472.8
644.4,1472.0 644.2,1431.7 641.3,1431.8 624.1,1432.0 624.4,1472.2 644.4,1472.0
664.5,1471.8 664.3,1431.5 657.2,1431.6 644.2,1431.7 644.4,1472.0 664.5,1471.8
807.9,1353.5 801.1,1353.2 800.4,1370.5 800.2,1376.3 799.9,1382.0 799.8,1387.8 806.5,1388.2 807.9,1353.5
799.9,1382.0 774.0,1380.6 775.9,1386.5 799.8,1387.8 799.9,1382.0
897.3,1358.5 894.3,1358.3 897.3,1413.6 900.3,1413.6 919.1,1413.4 918.6,1359.5 897.3,1358.5
855.2,1356.1 848.6,1355.7 860.6,1413.9 867.1,1413.8 881.6,1413.7 876.1,1357.3 855.2,1356.1
531.9,1660.7 531.1,1598.9 505.7,1599.2 506.6,1660.9 531.9,1660.7
276.9,2023.6 178.1,2021.7 178.6,2086.5 277.4,2088.4 376.2,2090.4 500.5,2092.8 500.4,2077.7 500.1,2035.6 375.8,2033.1 277.0,2031.2 276.9,2023.6
1243.9,780.8 1243.4,730.6 1223.3,730.7 1223.8,781.1 1243.9,780.8
1196.5,2155.3 1196.2,2112.0 1176.1,2111.8 1176.5,2155.2 1196.5,2155.3
1236.7,2155.6 1236.4,2112.3 1216.3,2112.1 1216.6,2155.4 1236.7,2155.6
1322.2,2156.1 1321.7,2112.8 1301.6,2112.7 1302.0,2155.9 1322.2,2156.1
1365.4,1660.8 1378.2,1660.7 1415.4,1660.3 1404.6,1643.2 1378.1,1643.5 1374.4,1643.6 1358.0,1643.8 1358.1,1660.9 1365.4,1660.8
1449.9,1715.3 1445.1,1707.6 1436.0,1707.7 1440.8,1715.4 1449.9,1715.3
1379.3,1786.4 1378.8,1736.2 1367.9,1736.2 1358.7,1736.3 1359.1,1786.7 1369.5,1786.5 1379.3,1786.4
1494.1,1785.3 1462.6,1735.3 1444.1,1735.5 1444.5,1785.9 1494.1,1785.3
1528.7,1840.3 1497.3,1790.3 1484.8,1790.5 1485.2,1840.8 1528.7,1840.3
1380.3,1912.2 1379.9,1862.0 1372.0,1862.0 1359.8,1862.1 1360.3,1912.5 1373.6,1912.3 1380.3,1912.2
1465.7,1911.4 1465.2,1861.2 1445.1,1861.3 1445.6,1911.7 1465.7,1911.4
1419.4,1786.1 1419.0,1735.7 1399.0,1735.9 1399.4,1786.2 1419.4,1786.1
1527.5,1210.3 1527.1,1157.5 1497.4,1157.6 1497.8,1210.5 1527.5,1210.3
1616.2,1157.0 1615.5,1104.1 1585.9,1104.3 1586.4,1157.1 1616.2,1157.0
1586.4,1157.1 1585.9,1104.3 1556.2,1104.4 1556.8,1157.3 1586.4,1157.1
1556.8,1157.3 1556.2,1104.4 1526.6,1104.6 1527.1,1157.5 1556.8,1157.3
1497.4,1157.6 1496.9,1104.8 1467.2,1104.9 1467.7,1157.8 1497.4,1157.6
1220.1,2214.8 1219.7,2161.7 1176.5,2161.2 1176.9,2214.3 1220.1,2214.8
1113.6,2213.6 1113.2,2160.5 1073.6,2160.0 1074.1,2213.1 1113.6,2213.6
1213.8,2287.9 1213.4,2234.9 1177.1,2234.4 1177.6,2287.5 1213.8,2287.9
1286.2,2288.8 1285.8,2235.8 1249.6,2235.3 1250.0,2288.4 1286.2,2288.8
1382.7,2290.0 1382.2,2229.9 1347.6,2230.0 1345.8,2236.7 1344.5,2242.1 1343.6,2247.6 1343.1,2253.2 1342.9,2258.8 1343.1,2289.5 1382.7,2290.0
956.6,2265.5 983.6,2265.2 983.5,2256.9 982.4,2215.0 912.2,2215.8 915.4,2265.9 956.6,2265.5
1123.8,837.4 1123.4,787.0 1103.3,787.2 1103.7,837.5 1123.8,837.4
1184.1,836.8 1183.6,786.4 1163.5,786.6 1164.0,836.9 1184.1,836.8
1244.4,836.2 1243.9,785.9 1223.9,786.1 1224.3,836.4 1244.4,836.2
1038.0,782.8 1037.6,732.5 1017.5,732.6 997.3,732.8 997.8,783.2 1017.9,783.0 1038.0,782.8
1269.0,780.6 1289.1,780.5 1309.2,780.3 1329.2,780.0 1328.8,729.8 1308.8,729.9 1288.7,730.1 1268.6,730.3 1248.4,730.5 1249.0,780.8 1269.0,780.6
1227.5,1213.2 1247.5,1213.1 1247.1,1162.7 1227.1,1163.0 1189.3,1163.4 1220.9,1213.3 1227.5,1213.2
1394.3,1347.8 1393.8,1286.8 1373.7,1287.0 1374.2,1347.4 1394.3,1347.8
1431.8,1025.5 1431.4,975.1 1411.3,975.0 1411.5,1000.1 1411.7,1025.3 1431.8,1025.5
1392.7,1155.9 1392.3,1105.7 1372.1,1105.8 1372.7,1156.2 1392.7,1155.9
1393.1,1211.3 1392.7,1161.0 1372.7,1161.2 1373.1,1211.5 1393.1,1211.3
1501.2,1349.1 1500.7,1285.5 1480.6,1285.8 1481.1,1348.8 1501.2,1349.1
797.6,939.4 788.7,938.8 788.8,966.8 822.6,966.5 822.5,940.7 797.6,939.4
899.8,1057.8 899.7,1041.1 899.6,1038.5 843.0,1039.2 842.9,1041.7 843.0,1058.5 899.8,1057.8
900.0,1074.6 899.8,1057.8 843.0,1058.5 843.0,1075.3 876.2,1074.9 900.0,1074.6
933.2,1074.2 933.1,1057.4 904.8,1057.8 905.0,1074.6 905.2,1091.3 933.4,1091.0 933.2,1074.2
961.4,1073.8 961.3,1057.0 933.1,1057.4 933.2,1074.2 961.4,1073.8
961.9,1127.6 961.7,1110.8 927.5,1111.2 927.5,1128.0 927.7,1136.3 961.9,1136.0 961.9,1127.6
836.6,1159.9 832.3,1144.4 793.4,1157.5 798.5,1172.8 801.1,1180.4 838.7,1167.7 836.6,1159.9
934.4,1200.1 934.2,1183.3 906.1,1183.6 906.2,1200.3 906.3,1217.0 934.5,1216.9 934.4,1200.1
943.1,1287.0 942.7,1236.9 922.6,1237.0 922.9,1271.3 923.0,1287.2 943.1,1287.0
943.6,1340.8 943.2,1292.1 923.0,1292.2 923.4,1339.7 943.6,1340.8
934.8,1183.3 934.6,1166.5 905.9,1166.8 906.1,1183.6 934.2,1183.3 934.3,1183.3 934.8,1183.3
686.5,903.1 686.2,861.5 600.7,862.3 621.1,923.7 686.5,903.1
822.2,888.4 822.1,860.2 791.0,860.6 791.1,888.6 822.2,888.4
898.9,944.9 898.8,920.6 870.6,920.8 870.3,920.8 842.5,921.1 842.6,941.8 870.7,943.4 898.9,944.9
553.2,2021.4 553.3,2012.7 553.9,1963.4 554.3,1928.4 531.2,1927.9 500.7,1927.3 499.6,2020.3 553.2,2021.4
742.3,1882.9 742.2,1881.7 705.4,1881.1 705.4,1882.2 742.3,1882.9
700.4,1560.9 730.1,1553.3 729.9,1543.3 700.3,1543.3 695.4,1543.3 695.5,1562.2 700.4,1560.9
612.3,1659.8 611.9,1598.1 599.3,1598.3 599.7,1659.9 612.3,1659.8
753.7,1657.4 754.1,1592.9 744.9,1594.6 735.6,1595.9 726.2,1596.7 716.9,1597.1 716.7,1658.3 753.7,1657.4
681.1,1725.8 682.6,1659.1 668.3,1659.3 658.9,1659.3 650.0,1659.4 649.0,1725.5 681.1,1725.8
505.7,1599.2 499.6,1599.2 499.5,1593.0 499.5,1589.2 499.5,1582.5 421.9,1582.0 422.3,1608.6 422.9,1662.8 506.6,1663.5 506.6,1660.9 505.7,1599.2
559.7,1578.5 559.5,1538.3 539.4,1538.4 539.6,1578.7 559.7,1578.5
685.3,1577.3 685.0,1537.0 665.0,1537.2 665.2,1577.4 685.3,1577.3
700.5,1577.2 715.5,1576.9 724.8,1576.6 733.9,1575.8 730.1,1553.3 700.4,1560.9 695.5,1562.2 695.6,1577.2 700.5,1577.2
740.1,1574.9 749.4,1573.2 758.6,1571.1 767.6,1568.4 773.5,1566.3 779.1,1564.1 772.4,1542.3 766.6,1543.8 760.7,1545.3 730.1,1553.3 733.9,1575.8 740.1,1574.9
879.9,1529.5 879.6,1489.3 859.5,1489.4 859.8,1529.7 879.9,1529.5
899.9,1529.3 899.6,1489.0 879.6,1489.3 879.9,1529.5 899.9,1529.3
945.2,1528.9 944.8,1488.6 924.7,1488.8 925.1,1529.0 945.2,1528.9
880.0,1539.5 879.9,1529.5 859.8,1529.7 859.9,1539.8 880.0,1539.5
900.0,1539.3 899.9,1529.3 879.9,1529.5 880.0,1539.5 900.0,1539.3
965.4,1538.7 965.3,1528.7 945.2,1528.9 945.3,1539.0 965.4,1538.7
900.6,1594.7 900.1,1544.4 883.6,1544.5 884.1,1594.9 900.6,1594.7
920.6,1594.5 920.2,1544.2 900.1,1544.4 900.6,1594.7 920.6,1594.5
966.9,1719.8 966.4,1669.6 946.3,1669.8 946.8,1720.1 966.9,1719.8
967.5,1790.3 967.0,1740.1 947.0,1740.2 926.9,1740.4 927.1,1760.2 927.2,1775.4 927.3,1790.7 947.4,1790.6 967.5,1790.3
966.4,1664.5 966.3,1649.0 946.2,1649.2 926.1,1649.3 926.3,1664.9 946.3,1664.8 966.4,1664.5
908.3,1916.7 928.4,1916.5 927.9,1866.2 907.9,1866.4 885.3,1866.5 885.4,1868.7 884.8,1868.7 887.9,1916.8 908.3,1916.7
859.3,1785.1 856.6,1742.7 795.8,1742.3 798.4,1783.9 859.3,1785.1
742.8,1831.4 752.3,1831.6 752.3,1828.4 752.3,1825.7 752.2,1815.0 752.2,1812.6 752.2,1798.1 700.4,1797.1 700.6,1825.1 700.6,1830.6 742.8,1831.4
801.5,1832.6 800.5,1815.3 780.8,1815.2 752.2,1815.0 752.3,1825.7 752.3,1828.4 752.3,1831.6 751.9,1862.3 751.8,1865.6 751.9,1868.4 751.8,1871.7 751.7,1883.0 767.8,1883.4 767.8,1882.2 778.2,1882.5 778.4,1882.5 778.4,1872.3 865.0,1874.0 864.6,1867.9 803.7,1866.7 801.5,1832.6
807.4,2026.4 798.6,1942.3 774.5,1942.9 779.4,2025.9 807.4,2026.4
927.1,1760.2 926.9,1740.4 906.8,1740.6 876.6,1740.9 877.9,1760.7 906.9,1760.4 927.1,1760.2
968.8,1946.3 968.6,1921.2 928.5,1921.5 928.7,1946.6 968.8,1946.3
592.4,1725.0 592.8,1660.0 574.9,1660.2 564.4,1660.3 556.2,1660.3 551.3,1660.5 550.0,1724.7 564.1,1724.8 592.4,1725.0
620.7,1725.3 621.1,1659.7 612.3,1659.8 599.7,1659.9 593.6,1660.0 592.8,1660.0 592.4,1725.0 620.7,1725.3
714.1,1721.9 715.3,1658.3 702.3,1658.7 687.0,1659.0 682.6,1659.1 681.1,1725.8 684.7,1725.8 690.7,1725.9 690.8,1721.7 714.1,1721.9
964.7,1468.3 964.3,1418.0 944.3,1418.2 924.2,1418.3 924.6,1468.7 944.7,1468.5 964.7,1468.3
1104.8,897.3 1104.6,857.7 1074.0,857.9 1074.4,897.5 1104.8,897.3
1184.7,905.4 1184.2,856.9 1164.2,857.0 1164.6,905.5 1184.7,905.4
1244.9,905.2 1244.6,856.4 1224.4,856.5 1204.3,856.7 1204.8,905.4 1224.8,905.3 1244.9,905.2
1120.5,951.3 1120.1,897.2 1104.8,897.3 1074.4,897.5 1022.1,898.1 1055.2,950.4 1120.5,951.3
1205.1,952.5 1204.8,905.4 1184.7,905.4 1185.1,952.2 1205.1,952.5
1245.3,953.1 1244.9,905.2 1224.8,905.3 1225.2,952.7 1245.3,953.1
1290.1,900.1 1289.7,855.9 1269.7,856.1 1249.6,856.2 1249.9,900.5 1270.0,900.3 1290.1,900.1
1021.1,1009.4 1020.9,984.3 1000.8,984.4 980.7,984.7 981.0,1009.8 1001.0,1009.7 1021.1,1009.4
1021.8,1089.9 1021.4,1039.6 1001.2,1039.8 1001.8,1090.1 1021.8,1089.9
1125.7,1062.3 1125.6,1038.3 1110.7,1038.5 1125.7,1062.3
1022.1,1135.2 1021.9,1110.1 1001.9,1110.2 1002.1,1135.5 1022.1,1135.2
1042.5,1160.2 1042.1,1109.8 1021.9,1110.1 1022.1,1135.2 1022.4,1160.3 1042.5,1160.2
1107.7,1159.3 1107.3,1109.0 1087.3,1109.2 1087.7,1159.6 1107.7,1159.3
1127.5,1122.4 1119.0,1108.8 1107.3,1109.0 1107.7,1159.3 1127.8,1159.0 1148.0,1158.9 1147.9,1154.7 1127.5,1122.4
1086.8,1057.7 1075.0,1038.9 1066.6,1039.1 1067.0,1089.4 1087.1,1089.1 1106.4,1088.9 1086.8,1057.7
1009.9,1193.2 1009.7,1165.5 1002.4,1165.6 982.3,1165.9 982.5,1193.5 1002.6,1193.3 1009.9,1193.2
1022.9,1216.4 1022.4,1165.4 1009.7,1165.5 1009.9,1193.2 1010.1,1216.4 1022.9,1216.4
1108.2,1215.9 1107.8,1164.3 1087.8,1164.6 1088.1,1215.9 1108.2,1215.9
1043.6,1286.6 1043.2,1236.3 1023.0,1236.5 1023.3,1267.0 1023.5,1286.8 1043.6,1286.6
1088.8,1286.4 1088.3,1236.1 1068.3,1236.2 1068.7,1286.5 1088.8,1286.4
1108.6,1266.5 1108.4,1236.0 1088.3,1236.1 1088.8,1286.4 1108.8,1286.3 1108.6,1266.5
1089.3,1343.7 1088.8,1291.5 1068.7,1291.5 1069.2,1343.5 1089.3,1343.7
1149.5,1344.5 1149.1,1291.1 1129.0,1291.2 1129.4,1344.3 1149.5,1344.5
1185.7,1022.7 1185.3,972.4 1165.2,972.0 1165.6,1022.4 1185.7,1022.7
1331.3,1024.6 1330.9,974.3 1310.8,974.0 1311.2,1024.4 1331.3,1024.6
1292.3,1157.1 1291.9,1106.8 1271.8,1107.1 1272.2,1157.4 1292.3,1157.1
1004.5,1412.6 1004.0,1362.8 983.9,1362.5 984.4,1412.7 1004.5,1412.6
1014.8,1412.5 1014.3,1363.0 1004.0,1362.8 1004.5,1412.6 1014.8,1412.5
1044.6,1412.2 1044.3,1363.3 1024.2,1363.1 1024.5,1412.4 1044.6,1412.2
1109.9,1411.6 1109.5,1364.2 1089.5,1363.9 1089.8,1411.8 1109.9,1411.6
1004.9,1467.9 1004.7,1442.8 984.6,1443.0 984.8,1468.1 1004.9,1467.9
1045.7,1527.9 1045.2,1487.7 1025.2,1487.9 1025.5,1528.1 1045.7,1527.9
1065.7,1527.8 1065.3,1487.4 1045.2,1487.7 1045.7,1527.9 1065.7,1527.8
1296.3,1485.3 1276.3,1485.5 1256.2,1485.7 1256.5,1525.9 1256.6,1536.0 1276.7,1535.8 1296.7,1535.7 1315.3,1535.5 1311.5,1525.4 1296.7,1525.6 1296.3,1485.3
1065.8,1537.8 1065.7,1527.8 1045.7,1527.9 1045.7,1537.9 1065.8,1537.8
1090.9,1537.6 1090.8,1527.5 1070.7,1527.7 1070.8,1537.7 1090.9,1537.6
1131.1,1537.1 1131.0,1527.1 1110.9,1527.3 1111.0,1537.4 1131.1,1537.1
1111.4,1592.7 1111.0,1542.4 1090.9,1542.6 1089.1,1542.6 1089.5,1593.0 1091.3,1592.9 1111.4,1592.7
1002.9,1664.2 1002.5,1613.9 986.1,1614.0 986.5,1664.3 1002.9,1664.2
1026.6,1664.0 1026.2,1613.7 1006.1,1613.8 1002.5,1613.9 1002.9,1664.2 1006.6,1664.2 1026.6,1664.0
1046.8,1663.7 1046.4,1613.5 1026.2,1613.7 1026.6,1664.0 1046.8,1663.7
1193.3,1591.9 1192.9,1541.6 1191.4,1541.6 1171.3,1541.8 1171.7,1592.1 1191.8,1592.0 1193.3,1591.9
1252.1,1591.4 1251.6,1541.0 1231.5,1541.3 1211.4,1541.5 1211.9,1591.8 1231.9,1591.6 1252.1,1591.4
1277.2,1591.2 1276.8,1540.8 1256.6,1541.0 1257.1,1591.3 1277.2,1591.2
1212.5,1662.2 1212.1,1611.9 1192.0,1612.1 1171.9,1612.3 1172.3,1662.6 1192.4,1662.4 1212.5,1662.2
1338.0,1661.0 1337.6,1610.7 1317.5,1610.9 1317.9,1661.2 1338.0,1661.0
1192.8,1717.8 1192.4,1667.4 1172.3,1667.6 1172.8,1717.9 1192.8,1717.8
1113.1,1789.0 1112.6,1738.7 1092.6,1738.8 1093.0,1789.2 1113.1,1789.0
1133.2,1788.7 1132.7,1738.5 1112.6,1738.7 1113.1,1789.0 1133.2,1788.7
1028.2,1845.1 1027.8,1794.8 1007.7,1795.0 1008.1,1845.3 1028.2,1845.1
1048.3,1844.9 1047.8,1794.6 1027.8,1794.8 1028.2,1845.1 1048.3,1844.9
1068.9,1915.2 1068.5,1864.8 1048.5,1865.1 1048.9,1915.3 1068.9,1915.2
1134.3,1914.5 1133.9,1864.2 1113.8,1864.5 1108.8,1864.5 1109.2,1914.8 1114.2,1914.8 1134.3,1914.5
1298.9,1787.2 1298.5,1736.9 1278.4,1737.1 1278.8,1787.4 1298.9,1787.2
1339.1,1786.8 1338.6,1736.5 1318.6,1736.7 1319.0,1787.0 1339.1,1786.8
1319.5,1842.3 1319.0,1792.0 1298.9,1792.3 1299.3,1842.5 1319.5,1842.3
1279.9,1913.2 1279.5,1862.9 1259.4,1863.1 1259.8,1913.4 1279.9,1913.2
1029.0,1945.7 1028.8,1920.6 988.7,1920.9 988.9,1946.2 1029.0,1945.7
1029.3,1970.9 1029.0,1945.7 988.9,1946.2 989.1,1971.3 1029.3,1970.9
1064.7,1412.0 1064.3,1363.5 1044.3,1363.3 1044.6,1412.2 1064.7,1412.0
1089.8,1411.8 1089.5,1363.9 1069.4,1363.6 1069.7,1411.9 1089.8,1411.8
1196.0,2091.9 1216.1,2092.0 1236.2,2092.1 1235.8,2044.4 1215.7,2044.7 1195.6,2044.8 1175.6,2045.0 1175.9,2091.7 1196.0,2091.9
1004.7,1442.8 1004.5,1417.6 984.4,1417.8 984.6,1443.0 1004.7,1442.8
1045.1,1467.6 1044.6,1417.2 1024.5,1417.4 1025.0,1467.8 1045.1,1467.6
1065.2,1467.3 1064.8,1417.1 1044.6,1417.2 1045.1,1467.6 1065.2,1467.3
1090.3,1467.1 1089.9,1416.8 1069.8,1417.0 1070.2,1467.3 1090.3,1467.1
1005.4,1528.3 1005.1,1488.0 985.0,1488.2 985.3,1528.5 1005.4,1528.3
1025.5,1528.1 1025.2,1487.9 1005.1,1488.0 1005.4,1528.3 1025.5,1528.1
1131.0,1527.1 1130.6,1486.9 1110.6,1487.1 1110.9,1527.3 1131.0,1527.1
1211.3,1526.4 1211.2,1511.3 1191.1,1511.4 1171.0,1511.7 1171.2,1526.7 1191.3,1526.5 1211.3,1526.4
1231.4,1526.2 1231.1,1486.0 1211.0,1486.1 1211.2,1511.3 1211.3,1526.4 1231.4,1526.2
1251.5,1526.0 1251.2,1485.7 1231.1,1486.0 1231.4,1526.2 1251.5,1526.0
1024.5,1412.4 1024.2,1363.1 1014.3,1363.0 1014.8,1412.5 1024.5,1412.4
1151.1,1537.0 1151.0,1527.0 1150.7,1486.6 1130.6,1486.9 1131.0,1527.1 1131.1,1537.1 1151.1,1537.0
1016.1,1593.6 1015.7,1543.3 1005.5,1543.4 985.4,1543.5 985.9,1593.9 1006.0,1593.7 1016.1,1593.6
1036.1,1593.5 1035.7,1543.1 1025.7,1543.2 1015.7,1543.3 1016.1,1593.6 1026.1,1593.5 1036.1,1593.5
1112.0,1663.2 1111.6,1612.9 1091.5,1613.0 1092.0,1663.4 1112.0,1663.2
1297.3,1591.0 1296.8,1540.7 1276.8,1540.8 1277.2,1591.2 1297.3,1591.0
1317.9,1661.2 1317.5,1610.9 1297.5,1611.1 1297.9,1661.4 1317.9,1661.2
1253.1,1717.2 1252.7,1666.8 1232.7,1667.1 1233.1,1717.3 1253.1,1717.2
1211.9,1591.8 1211.4,1541.5 1192.9,1541.6 1193.3,1591.9 1211.9,1591.8
1047.8,1789.5 1047.4,1739.3 1027.3,1739.5 1027.8,1789.8 1047.8,1789.5
1153.3,1788.6 1152.9,1738.2 1132.7,1738.5 1133.2,1788.7 1153.3,1788.6
1068.4,1844.7 1067.9,1794.4 1047.8,1794.6 1048.3,1844.9 1068.4,1844.7
1113.6,1844.3 1113.2,1794.0 1093.1,1794.2 1093.5,1844.5 1113.6,1844.3
1154.3,1914.4 1153.9,1864.0 1133.9,1864.2 1134.3,1914.5 1154.3,1914.4
1278.8,1787.4 1278.4,1737.1 1258.3,1737.3 1258.8,1787.6 1278.8,1787.4
1214.0,1843.3 1213.6,1793.1 1193.4,1793.2 1194.0,1843.6 1214.0,1843.3
1234.7,1913.6 1234.3,1863.3 1214.1,1863.5 1203.2,1863.6 1203.6,1913.9 1214.7,1913.8 1234.7,1913.6
1299.9,1913.0 1299.5,1862.7 1279.5,1862.9 1279.9,1913.2 1299.9,1913.0
1213.5,1788.0 1233.6,1787.8 1253.8,1787.6 1253.4,1754.1 1253.2,1737.3 1233.2,1737.5 1213.1,1737.7 1193.0,1737.9 1193.4,1788.2 1213.5,1788.0
1069.5,1970.5 1069.0,1920.2 1028.8,1920.6 1029.0,1945.7 1029.3,1970.9 1069.5,1970.5
1154.9,1969.7 1154.6,1946.9 1134.6,1947.1 1134.7,1969.9 1154.9,1969.7
1300.5,1968.3 1300.1,1918.1 1279.9,1918.2 1280.4,1968.6 1300.5,1968.3
1340.6,1968.0 1340.2,1917.6 1320.1,1917.8 1320.5,1968.1 1340.6,1968.0
1115.2,2040.5 1114.8,1990.2 1094.8,1990.4 1095.2,2040.8 1115.2,2040.5
1050.4,2091.0 1050.0,2046.1 1029.9,2046.4 1030.3,2090.8 1050.4,2091.0
1186.2,1088.0 1206.3,1087.7 1226.4,1087.4 1246.5,1087.3 1246.1,1036.9 1246.0,1024.0 1246.0,1023.5 1245.5,973.2 1225.4,972.8 1205.4,972.6 1205.8,1022.9 1185.7,1022.7 1165.6,1022.4 1165.7,1037.9 1166.1,1088.2 1186.2,1088.0
1130.0,1411.4 1129.6,1364.4 1109.5,1364.2 1109.9,1411.6 1130.0,1411.4
1150.1,1411.2 1149.7,1364.6 1129.6,1364.4 1130.0,1411.4 1150.1,1411.2
1107.0,1466.9 1106.6,1416.6 1089.9,1416.8 1090.3,1467.1 1107.0,1466.9
1130.4,1466.8 1130.0,1416.4 1109.9,1416.6 1110.4,1466.9 1130.4,1466.8
1090.8,1527.5 1090.5,1487.2 1070.3,1487.4 1070.7,1527.7 1090.8,1527.5
1110.9,1527.3 1110.6,1487.1 1090.5,1487.2 1090.8,1527.5 1110.9,1527.3
1131.6,1592.6 1131.1,1542.2 1111.0,1542.4 1111.4,1592.7 1131.6,1592.6
1151.6,1592.3 1151.2,1542.1 1131.1,1542.2 1131.6,1592.6 1151.6,1592.3
1092.0,1663.4 1091.5,1613.0 1071.5,1613.2 1071.9,1663.5 1092.0,1663.4
1297.9,1661.4 1297.5,1611.1 1277.3,1611.3 1257.2,1611.5 1257.6,1661.8 1277.7,1661.6 1297.9,1661.4
1212.9,1717.6 1212.5,1667.3 1192.4,1667.4 1192.8,1717.8 1212.9,1717.6
1233.1,1717.3 1232.7,1667.1 1212.5,1667.3 1212.9,1717.6 1233.1,1717.3
1278.2,1717.0 1277.8,1666.6 1257.7,1666.8 1258.2,1717.1 1278.2,1717.0
1336.1,1590.6 1317.1,1540.4 1316.9,1540.5 1296.8,1540.7 1297.3,1591.0 1317.3,1590.7 1336.1,1590.6
1027.8,1789.8 1027.3,1739.5 1007.2,1739.6 1007.7,1790.0 1027.8,1789.8
1067.9,1789.4 1067.5,1739.0 1047.4,1739.3 1047.8,1789.5 1067.9,1789.4
1008.7,1915.8 1008.3,1865.4 988.2,1865.6 988.7,1915.9 1008.7,1915.8
1028.8,1915.6 1028.4,1865.3 1008.3,1865.4 1008.7,1915.8 1028.8,1915.6
1234.1,1843.1 1233.7,1792.8 1213.6,1793.1 1214.0,1843.3 1234.1,1843.1
1254.2,1843.0 1253.8,1792.6 1233.7,1792.8 1234.1,1843.1 1254.2,1843.0
1339.6,1842.2 1339.2,1791.8 1319.0,1792.0 1319.5,1842.3 1339.6,1842.2
1203.6,1913.9 1203.2,1863.6 1194.1,1863.7 1174.0,1863.9 1174.4,1914.2 1194.5,1914.0 1203.6,1913.9
1254.8,1913.4 1254.4,1863.1 1234.3,1863.3 1234.7,1913.6 1254.8,1913.4
1094.5,1970.3 1094.1,1920.0 1074.1,1920.1 1074.5,1970.5 1094.5,1970.3
1235.1,1968.9 1234.7,1918.6 1214.7,1918.9 1215.1,1969.1 1235.1,1968.9
1255.2,1968.8 1254.8,1918.4 1234.7,1918.6 1235.1,1968.9 1255.2,1968.8
1280.4,1968.6 1279.9,1918.2 1259.8,1918.4 1260.2,1968.7 1280.4,1968.6
1155.4,2040.2 1155.0,1989.8 1114.8,1990.2 1115.2,2040.5 1155.4,2040.2
1255.8,2039.2 1255.4,1988.9 1225.3,1989.1 1225.7,2039.5 1255.8,2039.2
1009.8,2041.6 1009.4,1991.2 989.3,1991.4 989.7,2041.7 1009.8,2041.6
1341.2,2038.4 1340.8,1988.1 1320.7,1988.3 1321.2,2038.6 1341.2,2038.4
1215.7,2039.6 1225.7,2039.5 1225.3,1989.1 1215.3,1989.2 1195.2,1989.5 1195.6,2039.8 1215.7,2039.6
1010.2,2090.7 1009.9,2046.6 989.7,2046.7 990.2,2090.6 1010.2,2090.7
1030.3,2090.8 1029.9,2046.4 1009.9,2046.6 1010.2,2090.7 1030.3,2090.8
1095.6,2091.2 1095.2,2045.8 1075.1,2045.9 1075.5,2091.1 1095.6,2091.2
1341.7,2092.8 1341.2,2043.4 1321.2,2043.6 1301.1,2043.9 1301.4,2092.6 1321.6,2092.7 1341.7,2092.8
1320.5,1968.1 1320.1,1917.8 1300.1,1918.1 1300.5,1968.3 1320.5,1968.1
1095.2,2040.8 1094.8,1990.4 1074.7,1990.6 1075.1,2040.9 1095.2,2040.8
1195.6,2039.8 1195.2,1989.5 1175.0,1989.7 1175.5,2040.0 1195.6,2039.8
1301.0,2038.8 1300.6,1988.5 1280.5,1988.7 1280.9,2039.0 1301.0,2038.8
1321.2,2038.6 1320.7,1988.3 1300.6,1988.5 1301.0,2038.8 1321.2,2038.6
1154.6,1942.3 1154.3,1919.4 1114.2,1919.8 1114.4,1942.6 1154.6,1942.3
1070.5,2091.1 1070.1,2046.0 1050.0,2046.1 1050.4,2091.0 1070.5,2091.1
1256.3,2092.3 1255.9,2044.2 1235.8,2044.4 1236.2,2092.1 1256.3,2092.3
1281.4,2092.5 1281.0,2044.0 1261.0,2044.2 1261.3,2092.3 1281.4,2092.5
1775.5,1229.0 1775.2,1208.9 1747.6,1209.0 1720.0,1209.3 1692.2,1209.4 1664.6,1209.5 1636.9,1209.7 1626.9,1209.7 1627.1,1229.8 1647.5,1229.8 1667.9,1229.6 1688.3,1229.5 1708.7,1229.4 1729.0,1229.3 1755.3,1229.2 1755.5,1246.2 1755.7,1263.0 1755.8,1279.8 1755.9,1284.8 1756.0,1301.6 1756.1,1318.4 1756.3,1335.2 1756.5,1352.4 1776.6,1352.6 1776.4,1335.2 1776.2,1318.5 1776.1,1301.7 1775.9,1285.0 1775.8,1280.0 1775.7,1263.2 1775.6,1246.3 1775.5,1229.0
1500.7,1280.5 1500.3,1230.1 1480.2,1230.4 1460.0,1230.7 1438.5,1230.9 1438.9,1281.2 1460.5,1280.9 1480.6,1280.7 1500.7,1280.5
739.4,1039.8 740.4,1042.9 745.9,1059.5 751.5,1076.2 763.3,1112.2 823.1,1092.1 823.0,1075.4 823.0,1058.7 822.9,1041.9 822.8,1020.1 822.7,1003.3 822.6,986.6 789.7,987.0 795.3,1003.7 800.9,1020.3 787.3,1024.6 763.4,1032.3 739.4,1039.8
1340.2,2181.2 1341.4,2176.8 1342.2,2172.3 1342.6,2167.7 1342.4,2163.1 1298.9,2162.7 1299.4,2215.8 1330.6,2216.2 1340.2,2181.2
1033.0,2205.1 1022.5,2159.4 981.0,2159.0 981.7,2189.4 1021.8,2213.8 1023.5,2211.4 1025.4,2209.2 1027.7,2207.5 1030.2,2206.1 1033.0,2205.1
1033.2,2240.5 1030.6,2239.6 1027.9,2238.2 1025.7,2236.6 1023.6,2234.5 1022.0,2232.0 983.5,2256.9 983.6,2265.2 985.6,2265.2 987.9,2265.2 988.5,2285.3 1023.0,2285.7 1033.2,2240.5
1074.7,2286.3 1074.3,2233.3 1061.8,2233.1 1059.1,2233.1 1056.4,2233.5 1053.8,2234.3 1051.4,2235.6 1049.2,2237.1 1046.8,2238.6 1044.3,2239.8 1041.6,2240.7 1038.8,2241.1 1036.0,2241.0 1033.2,2240.5 1023.0,2285.7 1074.7,2286.3
1250.0,2288.4 1249.6,2235.3 1213.4,2234.9 1213.8,2287.9 1250.0,2288.4
1299.4,2215.8 1298.9,2162.7 1259.3,2162.2 1259.7,2215.3 1299.4,2215.8
1143.9,837.1 1143.5,786.9 1123.4,787.0 1123.8,837.4 1143.9,837.1
1289.5,835.8 1289.1,785.5 1269.0,785.6 1269.4,836.0 1289.5,835.8
1309.7,835.6 1309.2,785.3 1289.1,785.5 1289.5,835.8 1309.7,835.6
1433.9,1281.3 1433.5,1230.9 1413.4,1231.2 1413.8,1281.5 1433.9,1281.3
1412.2,1085.3 1411.8,1035.0 1391.7,1035.2 1392.1,1085.5 1412.2,1085.3
1432.3,1085.0 1431.8,1034.7 1411.8,1035.0 1412.2,1085.3 1432.3,1085.0
1372.7,1156.2 1372.1,1105.8 1352.1,1106.1 1352.5,1156.4 1372.7,1156.2
1413.2,1211.1 1412.8,1160.7 1392.7,1161.0 1393.1,1211.3 1413.2,1211.1
1481.1,1348.8 1480.6,1285.8 1460.5,1286.0 1461.0,1348.6 1481.1,1348.8
1521.3,1349.4 1520.8,1285.2 1500.7,1285.5 1501.2,1349.1 1521.3,1349.4
1691.7,1156.6 1691.2,1103.7 1663.5,1103.8 1664.0,1156.7 1691.7,1156.6
1664.0,1156.7 1663.5,1103.8 1635.6,1104.1 1636.3,1156.8 1664.0,1156.7
1488.6,1700.9 1431.3,1609.9 1407.4,1610.1 1471.5,1711.8 1488.6,1700.9
1776.7,1372.8 1651.8,1371.2 1633.3,1370.9 1631.7,1371.0 1610.9,1370.6 1568.0,1370.1 1472.6,1368.8 1474.4,1448.5 1523.9,1525.0 1531.5,1536.8 1548.9,1537.1 1569.7,1523.6 1578.6,1537.6 1585.2,1547.8 1591.7,1558.0 1636.8,1628.3 1649.7,1648.3 1657.2,1660.1 1674.3,1686.6 1683.7,1771.8 1683.8,1773.2 1704.2,1957.7 1780.3,2078.4 1776.7,1372.8
1210.8,1466.0 1210.4,1415.7 1190.3,1415.8 1170.3,1416.0 1170.7,1466.4 1190.7,1466.2 1210.8,1466.0
1096.1,2154.6 1095.7,2111.4 1075.6,2111.3 1076.1,2154.5 1096.1,2154.6
1136.3,2154.9 1136.0,2111.6 1115.9,2111.4 1116.2,2154.8 1136.3,2154.9
516.8,675.2 471.4,673.0 470.4,718.3 477.3,718.6 529.3,712.6 516.8,675.2
459.6,518.5 344.2,512.6 342.3,558.3 480.1,565.2 464.5,518.8 459.6,518.5
529.3,712.6 477.3,718.6 470.4,718.3 462.6,717.8 472.7,748.1 487.9,748.9 491.7,760.5 540.0,744.3 532.3,721.3 529.3,712.6
737.6,1176.3 732.5,1161.0 727.4,1145.6 699.2,1155.1 699.9,1157.1 699.3,1157.3 703.8,1170.7 708.9,1186.0 737.6,1176.3
788.0,1301.8 780.4,1301.3 779.2,1331.8 786.7,1332.3 790.5,1332.5 791.7,1302.0 788.0,1301.8
688.2,1187.7 684.5,1176.6 641.7,1191.0 645.7,1202.0 688.2,1187.7
811.3,1303.0 810.5,1303.0 809.3,1333.5 821.7,1334.2 811.3,1303.0
709.9,1252.6 650.0,1249.9 649.8,1256.1 649.8,1258.9 680.1,1260.7 679.6,1278.2 719.3,1280.5 709.9,1252.6
605.1,1342.3 568.0,1340.3 568.0,1370.5 604.9,1372.5 605.1,1342.3
821.8,787.3 821.9,784.8 821.8,768.4 821.8,751.7 821.7,734.5 803.0,734.7 803.0,751.8 803.1,768.5 803.2,785.0 803.2,787.6 821.8,787.3
761.0,840.7 761.0,824.2 761.0,807.4 760.9,790.4 760.9,787.9 742.2,788.1 742.2,790.6 742.3,807.6 742.3,824.3 742.4,840.9 761.0,840.7
376.6,2153.1 376.4,2128.7 376.2,2090.4 277.4,2088.4 277.6,2123.8 277.8,2152.2 376.6,2153.1
615.5,2094.9 615.1,2037.9 578.4,2037.1 578.9,2094.3 615.5,2094.9
578.9,2094.3 578.4,2037.1 535.1,2036.3 535.4,2078.4 500.4,2077.7 500.5,2092.8 578.9,2094.3
579.1,2117.2 579.4,2155.1 686.1,2156.1 878.0,2158.0 883.2,2158.0 882.9,2154.0 875.8,2042.9 685.7,2039.2 686.3,2119.3 579.1,2117.2
549.7,1376.5 534.3,1375.6 534.7,1338.3 514.5,1337.3 512.8,1426.7 549.5,1426.3 567.8,1426.1 569.4,1426.0 569.4,1426.0 604.8,1425.8 604.9,1372.5 568.0,1370.5 568.0,1377.5 549.7,1376.5
568.0,1370.5 549.7,1369.4 549.9,1339.2 534.7,1338.3 534.3,1375.6 549.7,1376.5 568.0,1377.5 568.0,1370.5
622.1,1343.3 605.1,1342.3 604.9,1372.5 604.8,1425.8 621.8,1425.6 622.1,1343.3
514.5,1337.3 497.6,1336.2 482.5,1335.4 481.9,1365.9 455.2,1364.4 453.9,1430.8 480.5,1432.2 495.8,1433.0 498.6,1433.2 498.6,1426.8 512.8,1426.7 514.5,1337.3
624.4,1472.2 624.1,1432.0 623.0,1431.9 621.8,1432.0 604.8,1432.2 604.1,1432.1 604.3,1472.4 624.4,1472.2
684.7,1471.6 684.4,1431.4 673.2,1431.4 664.3,1431.5 664.5,1471.8 684.7,1471.6
807.9,1549.6 809.1,1549.2 804.0,1534.1 772.4,1542.3 779.1,1564.1 780.7,1563.5 808.7,1551.7 807.9,1549.6
787.1,1369.8 770.0,1368.8 772.0,1374.7 774.0,1380.6 799.9,1382.0 800.2,1376.3 800.4,1370.5 787.1,1369.8
894.3,1358.3 876.1,1357.3 881.6,1413.7 897.3,1413.6 894.3,1358.3
774.1,1444.4 768.9,1429.1 730.9,1429.1 731.0,1444.5 774.1,1444.4
719.6,1471.2 719.5,1449.6 719.4,1429.2 699.6,1429.2 699.7,1449.8 699.9,1471.5 719.6,1471.2
535.8,1724.5 550.0,1724.7 551.3,1660.5 537.5,1660.6 536.1,1660.6 531.9,1660.7 506.6,1660.9 506.6,1663.5 506.8,1677.1 507.5,1724.3 535.8,1724.5
608.5,1141.4 665.7,1120.3 645.9,1061.2 625.8,1001.0 570.2,998.2 386.5,988.9 246.2,981.9 246.1,981.9 170.4,978.1 94.6,974.2 94.0,903.0 52.1,900.8 45.5,900.5 43.1,904.1 40.1,908.9 37.5,920.3 38.8,931.0 43.2,943.8 53.1,954.5 53.5,954.9 55.1,956.8 57.4,958.8 63.3,963.9 65.0,965.7 72.8,973.1 76.7,975.9 80.2,978.8 84.5,982.8 87.6,988.0 94.7,1000.7 102.1,1010.4 107.7,1019.2 109.2,1024.5 109.2,1031.7 106.4,1038.5 106.2,1044.5 106.2,1054.0 107.4,1066.4 107.3,1079.0 109.7,1087.1 110.8,1090.6 107.2,1107.8 111.4,1121.9 110.4,1131.9 111.7,1138.7 112.7,1152.8 113.4,1160.7 112.3,1172.6 108.0,1181.0 102.3,1187.0 92.9,1187.9 83.5,1195.4 78.3,1197.4 74.3,1199.0 62.1,1202.4 60.2,1208.1 63.2,1219.2 67.0,1231.1 70.5,1238.1 76.7,1246.3 78.6,1247.8 85.0,1252.6 90.2,1255.9 94.7,1256.3 97.8,1256.6 103.1,1258.6 107.7,1261.3 116.2,1268.8 122.9,1282.3 172.9,1285.0 173.7,1285.2 265.7,1290.3 386.9,1304.7 494.5,1310.7 496.2,1262.6 541.7,1265.2 553.9,1265.9 569.1,1266.7 584.2,1267.5 588.8,1267.8 599.4,1268.4 607.1,1268.9 614.7,1269.3 622.3,1269.6 629.9,1270.1 645.1,1271.0 649.4,1271.2 649.8,1258.9 649.8,1256.1 650.0,1249.9 650.6,1231.7 651.1,1216.4 647.5,1206.7 645.7,1202.0 641.7,1191.0 684.5,1176.6 679.5,1161.8 672.0,1139.3 614.9,1160.4 608.5,1141.4
684.8,1294.8 684.9,1291.4 679.1,1291.1 666.7,1290.3 656.1,1289.8 648.8,1289.4 648.1,1307.0 666.2,1307.9 665.9,1325.5 684.1,1326.5 684.8,1294.8
686.3,1346.9 673.5,1346.1 673.4,1378.6 686.3,1378.9 686.3,1346.9
455.7,1339.1 352.1,1333.3 237.4,1334.5 250.4,1420.1 453.9,1430.8 455.2,1364.4 455.7,1339.1
848.0,1427.9 829.7,1427.0 829.8,1434.0 848.1,1434.9 848.0,1427.9
1203.7,781.3 1203.3,730.9 1183.2,731.1 1183.6,781.4 1203.7,781.3
998.3,838.5 997.8,788.2 977.8,788.3 978.1,828.1 984.7,838.7 998.3,838.5
1256.8,2155.7 1256.5,2112.4 1236.4,2112.3 1236.7,2155.6 1256.8,2155.7
1302.0,2155.9 1301.6,2112.7 1281.6,2112.6 1261.5,2112.4 1261.8,2155.8 1281.9,2155.9 1302.0,2155.9
1404.6,1643.2 1383.8,1610.3 1377.7,1610.4 1374.0,1610.3 1374.4,1643.6 1378.1,1643.5 1404.6,1643.2
1399.4,1786.2 1399.0,1735.9 1378.8,1736.2 1379.3,1786.4 1399.4,1786.2
1421.1,1841.5 1420.7,1791.1 1419.4,1791.1 1403.9,1791.3 1404.3,1841.5 1419.9,1841.4 1421.1,1841.5
1420.5,1911.9 1420.1,1861.5 1400.0,1861.7 1400.4,1912.0 1420.5,1911.9
1501.0,1911.1 1500.6,1860.8 1485.4,1860.9 1465.2,1861.2 1465.7,1911.4 1485.8,1911.2 1501.0,1911.1
1485.2,1840.8 1484.8,1790.5 1464.7,1790.7 1444.5,1790.9 1445.0,1841.2 1465.1,1841.0 1485.2,1840.8
1520.3,1751.2 1488.6,1700.9 1471.5,1711.8 1503.2,1762.1 1520.3,1751.2
1756.5,1352.4 1756.3,1335.2 1756.1,1318.4 1756.0,1301.6 1755.9,1284.8 1755.8,1279.8 1755.7,1263.0 1755.5,1246.2 1755.3,1229.2 1729.0,1229.3 1708.7,1229.4 1688.3,1229.5 1667.9,1229.6 1647.5,1229.8 1627.1,1229.8 1627.7,1279.7 1627.7,1284.8 1628.5,1350.8 1648.8,1351.0 1669.1,1351.2 1689.4,1351.6 1709.7,1351.8 1730.1,1352.1 1756.5,1352.4
1186.2,1215.4 1168.3,1187.0 1168.5,1215.6 1186.2,1215.4
1587.1,1210.0 1586.4,1157.1 1556.8,1157.3 1557.3,1210.1 1587.1,1210.0
1616.8,1209.8 1616.2,1157.0 1586.4,1157.1 1587.1,1210.0 1616.8,1209.8
1259.7,2215.3 1259.3,2162.2 1219.7,2161.7 1220.1,2214.8 1259.7,2215.3
1156.8,2214.1 1156.4,2160.9 1113.2,2160.5 1113.6,2213.6 1156.8,2214.1
1021.8,2213.8 981.7,2189.4 982.2,2208.2 982.4,2215.0 983.5,2256.9 1022.0,2232.0 1020.6,2229.2 1019.8,2226.2 1019.5,2223.0 1019.7,2219.8 1020.5,2216.7 1021.8,2213.8
1157.5,2287.2 1157.1,2234.2 1113.8,2233.7 1114.3,2286.8 1157.5,2287.2
982.2,2208.2 981.7,2189.4 981.0,2159.0 970.6,2158.9 908.5,2158.2 911.8,2208.9 982.2,2208.2
918.8,2318.5 985.0,2317.8 986.1,2317.8 985.6,2265.2 983.6,2265.2 956.6,2265.5 915.4,2265.9 899.9,2266.0 903.2,2318.7 918.8,2318.5
985.8,2348.4 985.0,2317.8 918.8,2318.5 920.7,2349.3 985.8,2348.4
1103.7,837.5 1103.3,787.2 1083.3,787.4 1083.7,837.7 1103.7,837.5
1220.2,1305.9 1220.0,1290.7 1209.3,1290.8 1189.2,1290.9 1169.2,1291.0 1169.4,1316.9 1189.5,1317.0 1209.6,1317.1 1209.4,1306.0 1220.2,1305.9
1434.5,1348.2 1434.0,1286.3 1413.9,1286.5 1393.8,1286.8 1394.3,1347.8 1414.4,1348.0 1434.5,1348.2
1411.7,1025.3 1411.5,1000.1 1391.4,1000.0 1371.3,999.9 1351.2,999.6 1351.4,1024.8 1371.5,1025.0 1391.6,1025.1 1411.7,1025.3
1373.1,1211.5 1372.7,1161.2 1352.6,1161.4 1353.0,1211.8 1373.1,1211.5
1433.4,1210.8 1433.0,1160.5 1412.8,1160.7 1413.2,1211.1 1433.4,1210.8
1562.3,1349.9 1561.6,1285.0 1540.9,1285.1 1541.4,1349.6 1562.3,1349.9
1623.4,1350.7 1622.6,1284.8 1602.3,1284.9 1603.0,1350.5 1623.4,1350.7
1582.7,1350.2 1582.0,1285.0 1561.6,1285.0 1562.3,1349.9 1582.7,1350.2
1692.2,1209.4 1691.7,1156.6 1664.0,1156.7 1664.6,1209.5 1692.2,1209.4
1720.0,1209.3 1719.4,1156.4 1691.7,1156.6 1692.2,1209.4 1720.0,1209.3
1561.2,1385.8 1561.0,1379.1 1554.9,1379.0 1555.1,1385.8 1561.2,1385.8
1030.9,2154.3 1030.4,2110.9 1010.3,2110.8 1010.8,2154.1 1030.9,2154.3
1050.9,2154.4 1050.5,2111.1 1030.4,2110.9 1030.9,2154.3 1050.9,2154.4
1377.8,2044.0 1707.9,2049.2 1623.4,1915.0 1373.7,1917.3 1360.3,1917.5 1361.3,2043.8 1377.8,2044.0
1780.7,2168.2 1782.9,2168.2 1780.7,2164.8 1707.9,2049.2 1377.8,2044.0 1361.3,2043.8 1362.3,2158.4 1362.3,2158.5 1382.4,2158.7 1385.4,2158.8 1385.4,2163.6 1780.7,2168.2
1482.1,1389.5 1482.0,1382.7 1473.8,1382.6 1473.9,1389.3 1482.1,1389.5
1230.9,1465.8 1230.5,1415.5 1210.4,1415.7 1210.8,1466.0 1230.9,1465.8
1251.0,1465.6 1250.5,1415.2 1230.5,1415.5 1230.9,1465.8 1251.0,1465.6
1116.2,2154.8 1115.9,2111.4 1095.7,2111.4 1096.1,2154.6 1116.2,2154.8
1070.1,2041.0 1069.7,1990.6 1029.4,1991.1 1029.8,2041.3 1070.1,2041.0
1280.9,2039.0 1280.5,1988.7 1260.4,1988.8 1260.8,2039.2 1280.9,2039.0
1029.8,2041.3 1029.4,1991.1 1009.4,1991.2 1009.8,2041.6 1029.8,2041.3
1154.6,1946.9 1154.6,1942.3 1114.4,1942.6 1114.6,1970.1 1134.7,1969.9 1134.6,1947.1 1154.6,1946.9
1125.7,2091.4 1125.3,2045.5 1115.2,2045.6 1095.2,2045.8 1095.6,2091.2 1115.7,2091.3 1125.7,2091.4
1155.8,2091.6 1155.5,2045.2 1135.4,2045.3 1125.3,2045.5 1125.7,2091.4 1135.8,2091.5 1155.8,2091.6
1301.4,2092.6 1301.1,2043.9 1281.0,2044.0 1281.4,2092.5 1301.4,2092.6
1627.1,1229.8 1626.9,1209.7 1616.8,1209.8 1587.1,1210.0 1557.3,1210.1 1540.2,1210.2 1540.4,1230.3 1560.8,1230.3 1581.2,1230.1 1601.6,1230.0 1622.0,1229.9 1627.1,1229.8
1603.0,1350.5 1602.3,1284.9 1582.0,1285.0 1582.7,1350.2 1603.0,1350.5
1664.6,1209.5 1664.0,1156.7 1636.3,1156.8 1636.9,1209.7 1664.6,1209.5
1747.6,1209.0 1747.1,1156.3 1719.4,1156.4 1720.0,1209.3 1747.6,1209.0
1775.0,1156.1 1774.6,1103.2 1774.3,1103.2 1746.7,1103.5 1747.1,1156.3 1775.0,1156.1
1381.7,2163.6 1382.4,2163.6 1385.4,2163.6 1385.4,2158.8 1382.4,2158.7 1362.3,2158.5 1362.3,2163.4 1381.7,2163.6
1339.9,1464.8 1336.3,1459.1 1316.0,1426.8 1308.4,1414.8 1305.2,1409.8 1301.5,1403.9 1295.6,1394.5 1277.9,1366.4 1275.3,1366.3 1255.2,1366.1 1255.6,1410.2 1255.6,1415.2 1256.0,1465.5 1276.1,1465.4 1296.2,1465.2 1304.8,1465.1 1312.6,1485.1 1316.4,1485.2 1317.6,1485.1 1332.9,1525.2 1346.7,1562.0 1348.2,1565.8 1357.5,1590.4 1363.2,1590.4 1394.9,1590.1 1370.6,1551.6 1368.4,1548.1 1357.0,1530.1 1336.7,1497.7 1328.6,1485.1 1336.6,1484.9 1352.5,1484.8 1339.9,1464.8
981.0,2153.9 990.7,2154.0 1010.8,2154.1 1010.3,2110.8 990.3,2110.7 980.6,2110.7 970.2,2110.5 970.5,2153.9 981.0,2153.9
1071.0,2154.5 1070.6,2111.2 1050.5,2111.1 1050.9,2154.4 1071.0,2154.5
1332.4,1156.7 1332.0,1106.4 1311.9,1106.5 1312.4,1156.9 1332.4,1156.7
1312.9,1212.2 1312.4,1162.0 1292.3,1162.1 1292.7,1212.5 1312.9,1212.2
1152.2,1662.8 1151.8,1612.4 1131.7,1612.7 1113.7,1612.8 1114.2,1663.2 1132.1,1662.9 1152.2,1662.8
1191.4,1536.6 1191.3,1526.5 1171.2,1526.7 1171.2,1536.8 1191.4,1536.6
1292.7,1212.5 1292.3,1162.1 1272.2,1162.4 1272.6,1212.7 1292.7,1212.5
1092.5,1718.7 1092.0,1668.4 1071.9,1668.5 1072.3,1718.9 1092.5,1718.7
1112.3,1693.3 1112.1,1668.2 1092.0,1668.4 1092.5,1718.7 1112.5,1718.5 1112.3,1693.3
1152.7,1718.1 1152.5,1693.0 1132.4,1693.2 1112.3,1693.3 1112.5,1718.5 1132.6,1718.3 1152.7,1718.1
1114.2,1663.2 1113.7,1612.8 1111.6,1612.9 1112.0,1663.2 1114.2,1663.2
1231.5,1536.2 1231.4,1526.2 1211.3,1526.4 1211.4,1536.5 1231.5,1536.2
687.7,947.1 685.9,925.4 664.7,932.0 627.8,943.7 634.7,964.0 687.7,947.1
1332.9,1212.0 1332.5,1161.7 1312.4,1162.0 1312.9,1212.2 1332.9,1212.0
1152.5,1693.0 1152.3,1667.8 1132.2,1668.0 1112.1,1668.2 1112.3,1693.3 1132.4,1693.2 1152.5,1693.0
1211.4,1536.5 1211.3,1526.4 1191.3,1526.5 1191.4,1536.6 1211.4,1536.5
715.5,1047.5 739.4,1039.8 763.4,1032.3 787.3,1024.6 800.9,1020.3 795.3,1003.7 789.7,987.0 774.8,987.2 772.3,987.2 750.6,994.0 726.6,1001.7 702.8,1009.2 654.9,1024.4 661.3,1043.6 667.6,1062.6 715.5,1047.5
763.3,1112.2 751.5,1076.2 745.9,1059.5 740.4,1042.9 739.4,1039.8 715.5,1047.5 667.6,1062.6 691.7,1134.8 692.3,1134.6 692.8,1136.1 763.3,1112.2
462.7,888.1 558.2,888.4 560.0,869.3 521.5,867.3 509.3,830.9 271.0,819.1 175.5,814.4 169.1,814.1 154.4,813.4 143.6,812.9 140.7,812.7 152.7,851.5 161.9,881.2 168.6,902.5 169.8,906.8 245.6,910.6 245.7,910.6 469.6,921.8 462.7,888.1
582.1,870.4 577.3,870.1 570.8,869.8 560.0,869.3 558.2,888.4 462.7,888.1 469.6,921.8 570.6,926.9 601.6,928.4 582.1,870.4
702.9,1231.3 694.4,1205.9 651.1,1216.4 650.6,1231.7 702.9,1231.3
569.1,1266.7 553.9,1265.9 541.7,1265.2 540.9,1289.7 540.8,1294.0 540.0,1318.5 552.2,1319.1 567.4,1320.0 568.2,1295.5 568.3,1291.2 569.1,1266.7
607.1,1268.9 599.4,1268.4 588.8,1267.8 588.1,1292.4 587.9,1296.6 587.2,1321.1 597.7,1321.7 605.3,1322.1 606.1,1297.6 606.2,1293.3 607.1,1268.9
847.6,1414.7 784.2,1411.3 786.4,1418.0 847.9,1421.3 847.9,1415.4 847.6,1414.7
847.9,1421.3 786.4,1418.0 788.7,1424.7 829.7,1427.0 848.0,1427.9 847.9,1421.3
825.5,1433.7 822.4,1433.5 822.4,1440.0 822.5,1445.7 822.6,1458.0 822.7,1469.7 848.3,1469.4 848.2,1459.4 848.1,1434.9 829.8,1434.0 825.5,1433.7
822.4,1433.5 791.1,1431.8 793.3,1438.5 822.4,1440.0 822.4,1433.5
1027.8,964.0 1018.9,949.9 979.1,948.8 979.2,964.7 1027.8,964.0
1645.9,1083.9 1666.4,1083.7 1686.9,1083.7 1707.4,1083.5 1727.8,1083.4 1774.2,1083.1 1774.5,1083.1 1774.4,1066.4 1774.2,1049.7 1774.0,1033.1 1774.0,1028.1 1773.8,1011.4 1773.7,994.7 1773.5,977.9 1773.3,957.8 1773.1,927.6 1623.5,926.4 1623.9,956.6 1624.2,976.7 1624.7,1026.9 1624.8,1033.8 1625.4,1083.9 1645.9,1083.9
1457.8,1084.8 1478.2,1084.8 1498.7,1084.6 1519.1,1084.5 1539.2,1084.4 1559.4,1084.3 1579.7,1084.2 1600.0,1084.1 1620.3,1084.0 1625.4,1083.9 1624.8,1033.8 1624.7,1026.9 1619.7,1026.9 1599.4,1026.8 1579.2,1026.5 1559.0,1026.4 1538.7,1026.3 1518.6,1026.1 1498.1,1026.0 1477.7,1025.8 1457.2,1025.7 1436.8,1025.5 1436.9,1034.6 1437.3,1085.0 1457.8,1084.8
1272.6,1212.7 1272.2,1162.4 1252.1,1162.7 1252.4,1188.4 1252.6,1212.9 1272.6,1212.7
1047.2,1719.1 1046.8,1668.8 1026.7,1669.0 1027.1,1719.3 1047.2,1719.1
1067.3,1718.9 1066.9,1668.6 1046.8,1668.8 1047.2,1719.1 1067.3,1718.9
1251.6,1536.0 1251.5,1526.0 1231.4,1526.2 1231.5,1536.2 1251.6,1536.0
569.9,834.0 509.3,830.9 521.5,867.3 560.0,869.3 570.8,869.8 577.3,870.1 582.1,870.4 569.9,834.0
730.3,715.2 730.0,666.4 704.4,666.6 704.5,715.5 730.3,715.2
778.7,714.8 778.2,666.0 754.1,666.2 730.0,666.4 730.3,715.2 754.5,714.9 778.7,714.8
802.9,714.6 802.5,665.7 790.4,665.8 790.8,714.7 802.9,714.6
540.0,744.3 491.7,760.5 487.9,748.9 472.7,748.1 270.3,738.2 270.3,747.4 475.8,757.5 486.9,790.4 502.1,791.2 550.3,775.0 540.0,744.3
486.9,790.4 475.8,757.5 270.3,747.4 271.0,819.1 509.3,830.9 569.9,834.0 550.3,775.0 502.1,791.2 486.9,790.4
622.3,1269.6 614.7,1269.3 607.1,1268.9 606.2,1293.3 606.1,1297.6 605.3,1322.1 612.9,1322.6 620.6,1323.0 621.4,1298.5 621.5,1294.2 622.3,1269.6
588.8,1267.8 584.2,1267.5 569.1,1266.7 568.3,1291.2 568.2,1295.5 567.4,1320.0 582.6,1320.9 587.2,1321.1 587.9,1296.6 588.1,1292.4 588.8,1267.8
644.2,1299.7 644.3,1295.4 645.1,1271.0 629.9,1270.1 622.3,1269.6 621.5,1294.2 621.4,1298.5 620.6,1323.0 628.2,1323.4 643.4,1324.3 644.2,1299.7
684.4,715.6 684.3,666.8 658.1,667.1 658.3,715.9 684.4,715.6
870.4,713.9 841.9,665.4 826.6,665.5 827.1,714.3 870.4,713.9
822.0,1394.2 777.6,1391.8 779.3,1396.7 821.7,1399.0 822.0,1394.2
821.3,1406.2 781.7,1404.0 784.2,1411.3 847.6,1414.7 845.5,1407.5 821.3,1406.2
822.4,1440.0 793.3,1438.5 795.2,1444.3 822.5,1445.7 822.4,1440.0
841.6,1395.2 822.0,1394.2 821.7,1399.0 843.2,1400.2 841.6,1395.2
821.7,1399.0 779.3,1396.7 781.7,1404.0 821.3,1406.2 821.7,1399.0
1773.1,927.6 1771.0,705.9 1373.8,709.2 1348.8,709.4 1328.6,709.7 1328.7,719.7 1328.8,729.8 1329.2,780.0 1329.4,785.1 1329.8,835.5 1349.8,835.2 1350.6,924.2 1367.8,924.3 1405.4,924.6 1623.5,926.4 1773.1,927.6
1627.7,1279.7 1627.1,1229.8 1622.0,1229.9 1601.6,1230.0 1581.2,1230.1 1560.8,1230.3 1540.4,1230.3 1540.8,1280.0 1561.3,1279.9 1581.9,1279.8 1602.3,1279.8 1622.6,1279.7 1627.7,1279.7
1405.6,954.8 1405.4,924.6 1367.8,924.3 1350.6,924.2 1350.8,954.4 1405.6,954.8
1058.1,782.6 1057.6,732.3 1037.6,732.5 1038.0,782.8 1058.1,782.6
1373.7,1282.0 1373.3,1231.6 1353.2,1231.9 1353.6,1282.2 1373.7,1282.0
1393.8,1281.7 1393.4,1231.5 1373.3,1231.6 1373.7,1282.0 1393.8,1281.7
827.1,714.3 826.6,665.5 802.5,665.7 802.9,714.6 827.1,714.3
790.8,714.7 790.4,665.8 778.2,666.0 778.7,714.8 790.8,714.7
633.7,716.1 633.4,667.3 624.6,667.4 608.8,667.5 584.1,667.8 571.7,667.9 535.8,668.2 552.0,716.8 571.4,716.7 584.5,716.6 609.1,716.3 633.7,716.1
624.6,667.4 585.1,549.5 572.1,552.5 502.5,568.7 535.8,668.2 571.7,667.9 584.1,667.8 608.8,667.5 624.6,667.4
829.7,1427.0 788.7,1424.7 791.1,1431.8 822.4,1433.5 825.5,1433.7 829.8,1434.0 829.7,1427.0
843.2,1400.2 821.7,1399.0 821.3,1406.2 845.5,1407.5 843.2,1400.2
821.7,1354.3 814.2,1353.9 812.8,1388.5 820.3,1388.9 840.1,1390.0 829.2,1354.7 821.7,1354.3
1623.9,956.6 1623.5,926.4 1405.4,924.6 1405.6,954.8 1436.2,955.1 1436.3,965.7 1436.4,975.2 1436.8,1023.6 1436.8,1025.5 1457.2,1025.7 1477.7,1025.8 1498.1,1026.0 1518.6,1026.1 1538.7,1026.3 1559.0,1026.4 1579.2,1026.5 1599.4,1026.8 1619.7,1026.9 1624.7,1026.9 1624.2,976.7 1623.9,956.6
1083.2,782.3 1082.7,732.0 1062.7,732.3 1063.1,782.5 1083.2,782.3
1123.4,782.0 1122.9,731.7 1102.8,731.8 1103.2,782.2 1123.4,782.0
1273.2,1283.2 1272.8,1232.9 1252.8,1233.1 1253.0,1264.4 1264.9,1283.2 1273.2,1283.2
1413.8,1281.5 1413.4,1231.2 1393.4,1231.5 1393.8,1281.7 1413.8,1281.5
1293.3,1282.9 1292.9,1232.6 1272.8,1232.9 1273.2,1283.2 1293.3,1282.9
1313.4,1282.7 1313.0,1232.3 1292.9,1232.6 1293.3,1282.9 1313.4,1282.7
997.8,783.2 997.3,732.8 977.3,733.0 977.7,783.3 997.8,783.2
1103.2,782.2 1102.8,731.8 1082.7,732.0 1083.2,782.3 1103.2,782.2
1143.5,781.8 1143.1,731.5 1122.9,731.7 1123.4,782.0 1143.5,781.8
1333.6,1282.4 1333.0,1232.2 1313.0,1232.3 1313.4,1282.7 1333.6,1282.4
1835.4,2168.9 1837.2,2168.9 1780.3,2078.4 1704.2,1957.7 1706.8,1980.6 1780.4,2097.4 1825.3,2168.8 1835.4,2168.9
1209.0,1251.7 1198.8,1235.5 1188.8,1235.5 1168.6,1235.7 1169.2,1285.9 1189.2,1285.8 1209.3,1285.8 1209.0,1251.7
769.0,967.1 772.5,967.1 772.4,938.0 772.4,921.1 772.3,912.4 771.2,912.5 754.0,912.6 754.3,971.9 769.0,967.1
978.1,828.1 970.1,815.5 970.5,859.5 970.6,873.3 978.6,886.0 1018.9,949.9 1027.8,964.0 1040.3,984.0 1041.0,985.0 1056.0,1009.0 1061.4,1017.4 1066.4,1025.4 1071.9,1033.9 1075.0,1038.9 1086.8,1057.7 1106.4,1088.9 1119.0,1108.8 1127.5,1122.4 1147.9,1154.7 1168.3,1187.0 1186.2,1215.4 1198.8,1235.5 1209.0,1251.7 1230.4,1285.6 1233.5,1290.7 1249.7,1316.3 1254.8,1324.3 1268.5,1346.1 1274.9,1356.2 1324.1,1356.8 1304.8,1346.5 1268.0,1288.2 1266.5,1285.8 1264.9,1283.2 1253.0,1264.4 1220.9,1213.3 1189.3,1163.4 1186.2,1158.4 1166.5,1127.1 1154.8,1108.5 1142.2,1088.5 1125.7,1062.3 1110.7,1038.5 1100.0,1021.5 1068.0,970.8 1061.6,960.6 1055.2,950.4 1022.1,898.1 997.4,858.7 984.7,838.7 978.1,828.1
686.3,1403.4 686.3,1390.4 684.8,1390.5 684.8,1403.4 686.3,1403.4
1355.9,1386.6 1343.3,1367.2 1335.5,1363.0 1324.1,1356.8 1274.9,1356.2 1271.5,1356.2 1277.9,1366.4 1295.6,1394.5 1301.5,1403.9 1302.8,1396.7 1309.7,1405.1 1312.5,1408.7 1313.2,1409.6 1316.8,1414.6 1321.4,1421.6 1325.6,1428.8 1329.4,1436.3 1332.9,1443.9 1336.3,1452.9 1336.8,1454.6 1339.3,1462.4 1339.9,1464.8 1352.5,1484.8 1356.8,1491.5 1418.7,1589.8 1431.3,1609.9 1488.6,1700.9 1520.3,1751.2 1576.2,1839.9 1588.7,1860.0 1620.3,1910.0 1623.4,1915.0 1707.9,2049.2 1780.7,2164.8 1780.4,2097.4 1706.8,1980.6 1607.4,1822.9 1608.4,1822.3 1460.9,1594.3 1481.7,1580.8 1481.1,1580.0 1468.7,1560.9 1448.2,1574.3 1378.1,1462.9 1397.3,1450.5 1388.6,1437.1 1371.8,1411.2 1355.9,1386.6
832.7,1293.1 827.7,1277.8 809.1,1276.6 828.2,1334.5 846.3,1335.4 832.7,1293.1
1334.0,1347.0 1333.6,1287.5 1313.5,1287.7 1268.0,1288.2 1304.8,1346.5 1314.0,1346.7 1334.0,1347.0
1071.9,1033.9 1066.4,1025.4 1066.6,1034.0 1071.9,1033.9
809.4,536.6 775.0,534.9 787.6,561.4 800.4,587.7 813.8,613.9 827.6,639.7 841.9,665.4 870.4,713.9 876.6,723.9 882.8,733.9 884.7,737.0 914.3,783.9 917.4,788.9 949.0,838.9 970.6,873.3 970.5,859.5 970.1,815.5 950.0,783.6 918.6,733.5 912.2,723.5 910.4,720.7 906.0,713.5 890.9,689.0 876.3,664.2 862.0,639.1 848.3,613.8 834.9,588.3 821.9,562.6 809.4,536.6
768.9,1429.1 767.3,1424.1 749.1,1424.1 691.2,1424.2 691.2,1424.9 691.2,1429.2 694.7,1429.2 699.6,1429.2 719.4,1429.2 730.9,1429.1 768.9,1429.1
875.1,1720.7 872.1,1670.4 867.5,1670.5 869.9,1683.0 872.0,1695.5 873.7,1708.1 875.1,1720.7
871.8,1665.4 868.8,1615.1 852.4,1615.3 853.1,1617.4 858.1,1633.3 862.5,1649.3 866.4,1665.4 871.8,1665.4
901.1,1665.1 900.7,1614.8 890.8,1614.9 891.2,1665.2 901.1,1665.1
702.3,1658.7 701.9,1597.2 686.6,1597.3 687.0,1659.0 702.3,1658.7
867.6,1595.0 864.6,1544.7 828.9,1545.1 845.7,1595.3 867.6,1595.0
508.8,1473.4 508.6,1433.1 498.6,1433.2 498.8,1473.4 508.8,1473.4
1786.4,2168.3 1825.3,2168.8 1780.4,2097.4 1780.7,2164.8 1782.9,2168.2 1786.4,2168.3
